0
0
0
0
0
0
0
0
0
0
0
0
0
0
0
0
0
0
0
0
0
0
0
0
0
0
0
0
0
0
0
0
0
0
0
0
0
0
0
0
0
0
0
0
0
0
0
0
0
0
0
0
0
0
0
0
0
0
0
0
0
0
0
0
0
0
0
0
0
0
0
0
0
0
0
0
0
0
0
0
0
0
0
0
0
0
0
0
0
0
0
0
0
0
0
0
0
0
0
0
0
0
0
0
0
0
0
0
0
0
0
0
0
0
0
0
0
0
0
0
0
0
0
0
0
0
0
0
0
0
0
0
0
0
0
0
0
0
0
0
0
0
0
0
0
0
0
0
0
0
0
0
0
0
0
0
0
0
0
0
0
0
0
0
0
0
0
0
0
0
0
0
0
0
0
0
0
0
0
0
0
0
0
0
0
0
0
0
0
0
0
0
0
0
0
0
0
0
0
0
0
0
0
0
0
0
0
0
0
0
0
0
0
0
0
0
0
0
0
0
0
0
0
0
0
0
0
0
0
0
0
0
0
0
0
0
0
0
0
0
0
0
0
0
0
0
0
0
0
0
0
0
0
0
0
0
0
0
0
0
0
0
0
0
0
0
0
0
0
0
0
0
0
0
0
0
0
0
0
0
0
0
0
0
0
0
0
0
0
0
0
0
0
0
0
0
0
0
0
0
0
0
0
0
0
0
0
0
0
0
0
0
0
0
0
0
0
0
0
0
0
0
0
0
0
0
0
0
0
0
0
0
0
0
0
0
0
0
0
0
0
0
0
0
0
0
0
0
0
0
0
0
0
0
0
0
0
0
0
0
0
0
0
0
0
0
0
0
0
0
0
0
0
0
0
0
0
0
0
0
0
0
0
0
0
0
0
0
0
0
0
0
0
0
0
0
0
0
0
0
0
0
0
0
0
0
0
0
0
0
0
0
0
0
0
0
0
0
0
0
0
0
0
0
0
0
0
0
0
0
0
0
0
0
0
0
0
0
0
0
0
0
0
0
0
0
0
0
0
0
0
0
0
0
0
0
0
0
0
0
0
0
0
0
0
0
0
0
0
0
0
0
0
0
0
0
0
0
0
0
0
0
0
0
0
0
0
0
0
0
0
0
0
0
0
0
0
0
0
0
0.0
0.0
0.0
0.0
0.0
0.0
0.0
0.0
0.0
0.0
0.0
0.0
0.0
0.0
0.0
0.0
0.0
0.0
0.0
0.0
0.0
0.0
0.0
0.0
0.0
0.0
0.0
0.0
0.0
0.0
0.0
0.0
0.0
0.0
0.0
0.0
0.0
0.0
0.0
0.0
0.0
0.0
0.0
0.0
0.0
0.0
0.0
0.0
0.0
0.0
0.0
0.0
0.0
0.0
0.0
0.0
0.0
0.0
0.0
0.0
0.0
0.0
0.0
0.0
0.0
0.0
0.0
0.0
0.0
0.0
0.0
0.0
0.0
0.0
0.0
0.0
0.0
0.0
0.0
0.0
0.0
0.0
0.0
0.0
0.0
0.0
0.0
0.0
0.0
0.0
0.0
0.0
0.0
0.0
0.0
0.0
0.0
0.0
0.0
0.0
0.0
0.0
0.0
0.0
0.0
0.0
0.0
0.0
0.0
0.0
0.0
0.0
0.0
0.0
0.0
0.0
0.0
0.0
0.0
0.0
0.0
0.0
0.0
0.0
0.0
0.0
0.0
0.0
0.0
0.0
0.0
0.0
0.0
0.0
0.0
0.0
0.0
0.0
0.0
0.0
0.0
0.0
0.0
0.0
0.0
0.0
0.0
0.0
0.0
0.0
0.0
0.0
0.0
0.0
0.0
0.0
0.0
0.0
0.0
0.0
0.0
0.0
0.0
0.0
0.0
0.0
0.0
0.0
0.0
0.0
0.0
0.0
0.0
0.0
0.0
0.0
0.0
0.0
0.0
0.0
0.0
0.0
0.0
0.0
0.0
0.0
0.0
0.0
0.0
0.0
0.0
0.0
0.0
0.0
0.0
0.0
0.0
0.0
0.0
0.0
0.0
0.0
0.0
0.0
0.0
0.0
0.0
0.0
0.0
0.0
0.0
0.0
0.0
0.0
0.0
0.0
0.0
0.0
0.0
0.0
0.0
0.0
0.0
0.0
0.0
0.0
0.0
0.0
0.0
0.0
0.0
0.0
0.0
0.0
0.0
0.0
0.0
0.0
0.0
0.0
0.0
0.0
0.0
0.0
0.0
0.0
0.0
0.0
0.0
0.0
0.0
0.0
0.0
0.0
0.0
0.0
0.0
0.0
0.0
0.0
0.0
0.0
0.0
0.0
0.0
0.0
0.0
0.0
0.0
0.0
0.0
0.0
0.0
0.0
0.0
0.0
0.0
0.0
0.0
0.0
0.0
0.0
0.0
0.0
0.0
0.0
0.0
0.0
0.0
0.0
0.0
0.0
0.0
0.0
0.0
0.0
0.0
0.0
0.0
0.0
0.0
0.0
0.0
0.0
0.0
0.0
0.0
0.0
0.0
0.0
0.0
0.0
0.0
0.0
0.0
0.0
0.0
0.0
0.0
0.0
0.0
0.0
0.0
0.0
0.0
0.0
0.0
0.0
0.0
0.0
0.0
0.0
0.0
0.0
0.0
0.0
0.0
0.0
0.0
0.0
0.0
0.0
0.0
0.0
0.0
0.0
0.0
0.0
0.0
0.0
0.0
0.0
0.0
0.0
0.0
0.0
0.0
0.0
0.0
0.0
0.0
0.0
0.0
0.0
0.0
0.0
0.0
0.0
0.0
0.0
0.0
0.0
0.0
0.0
0.0
0.0
0.0
0.0
0.0
0.0
0.0
0.0
0.0
0.0
0.0
0.0
0.0
0.0
0.0
0.0
0.0
0.0
0.0
0.0
0.0
0.0
0.0
0.0
0.0
0.0
0.0
0.0
0.0
0.0
0.0
0.0
0.0
0.0
0.0
0.0
0.0
0.0
0.0
0.0
0.0
0.0
0.0
0.0
0.0
0.0
0.0
0.0
0.0
0.0
0.0
0.0
0.0
0.0
0.0
0.0
0.0
0.0
0.0
0.0
0.0
0.0
0.0
0.0
0.0
0.0
0.0
0.0
0.0
0.0
0.0
0.0
0.0
0.0
0.0
0.0
0.0
0.0
0.0
0.0
0.0
0.0
0.0
0.0
0.0
0.0
0.0
0.0
0.0
0.0
0.0
0.0
0.0
0.0
0.0
0.0
0.0
0.0
0.0
0.0
0.0
0.0
0.0
0.0
0.0
0.0
0.0
0.0
0.0
0.0
0.0
0.0
0.0
0.0
0.0
0.0
0.0
0.0
0.0
0.0
0.0
0.0
0.0
0.0
0.0
0.0
0.0
0.0
0.0
0.0
0.0
0.0
0.0
0.0
0.0
0.0
0.0
0.0
0.0
0.0
0.0
0.0
0.0
0.0
0.0
0.0
0.0
0.0
0.0
0.0
0.0
0.0
0.0
0.0
0.0
0.0
0.0
0.0
0.0
0.0
0.0
0.0
0.0
0.0
0.0
0.0
0.0
0.0
0.0
0.0
0.0
0.0
0.0
0.0
0.0
0.0
0.0
0.0
0.0
0.0
0.0
0.0
0.0
0.0
0.0
0.0
0.0
0.0
0.0
0.0
0.0
0.0
0.0
0.0
0.0
0.0
0.0
0.0
0.0
0.0
0.0
0.0
0.0
0.0
0.0
0.0
0.0
0.0
0.0
0.0
0.0
0.0
0.0
0.0
0.0
0.0
0.0
0.0
0.0
0.0
0.0
0.0
0.0
0.0
0.0
0.0
0.0
0.0
0.0
0.0
0.0
0.0
0.0
0.0
0.0
0.0
0.0
0.0
0.0
0.0
0.0
0.0
0.0
0.0
0.0
0.0
0.0
0.0
0.0
0.0
0.0
0.0
0.0
0.0
0.0
0.0
0.0
0.0
0.0
0.0
0.0
0.0
0.0
0.0
0.0
0.0
0.0
0.0
0.0
422.04315844
406.719600526
390.790521333
250.339378149
239.680764083
230.22335718
88.0952753395
0.0
0.0
0.0
0.0
0.0
0.0
0.0
0.0
0.0
0.0
0.0
0.0
0.0
0.0
0.0
0.0
0.0
0.0
0.0
0.0
193.769131296
194.733353162
195.196506247
130.298655962
129.818004772
129.497153135
52.0902522529
52.2162877085
0.0
0.0
129.840171657
130.093860706
53.0429515423
52.9457661932
0.0
0.0
0.0
0.0
0.0
0.0
0.0
0.0
0.0
0.0
0.0
0.0
197.67392781
196.598747513
195.757852811
194.216808267
129.395441744
128.586046183
127.111712761
50.738041903
0.0
0.0
0.0
0.0
0.0
0.0
0.0
0.0
0.0
0.0
0.0
0.0
0.0
188.666520443
188.783231016
189.256402841
189.296392791
125.964500828
125.355461351
50.7135515188
50.5019075369
0.0
0.0
0.0
0.0
0.0
0.0
0.0
0.0
0.0
0.0
0.0
0.0
186.488471696
187.338071206
186.472507233
186.964449156
124.602484679
124.480127681
49.4231740261
49.56756831
0.0
0.0
0.0
0.0
0.0
0.0
0.0
0.0
0.0
0.0
183.631946521
183.665811552
184.308982103
182.972189851
183.743320213
122.119193227
122.395611799
49.355614805
0.0
0.0
0.0
0.0
0.0
0.0
0.0
0.0
0.0
0.0
0.0
179.67286126
180.092842118
179.129755572
178.496688991
179.000794235
119.038931797
119.308117253
48.2856182512
47.8557765093
0.0
0.0
0.0
0.0
0.0
0.0
0.0
0.0
0.0
0.0
0.0
0.0
180.471650048
180.279910797
180.443086529
180.660407632
180.133700926
119.619393692
117.576592459
47.2357571542
47.2638633892
0.0
0.0
0.0
0.0
0.0
0.0
0.0
0.0
0.0
0.0
0.0
0.0
176.30064403
176.434812485
175.35678731
175.600081592
175.205060068
116.571980125
46.6775747656
46.6217197271
0.0
0.0
0.0
0.0
0.0
0.0
0.0
0.0
0.0
0.0
0.0
0.0
176.05306141
176.286771541
0.0
0.0
0.0
0.0
175.902126718
175.146409927
174.306587658
116.713732011
116.304453983
46.5600051553
0.0
0.0
0.0
0.0
0.0
0.0
0.0
0.0
0.0
0.0
0.0
0.0
0.0
172.377740955
172.311609953
172.491963103
171.949246093
114.567404059
114.727155627
46.2150653586
45.9388495298
0.0
0.0
0.0
0.0
0.0
0.0
0.0
0.0
0.0
0.0
0.0
0.0
0.0
170.021089161
170.208373811
170.868491738
170.262701816
112.943529344
111.236515374
44.8103243636
44.4618221931
0.0
0.0
0.0
0.0
0.0
0.0
0.0
0.0
0.0
0.0
0.0
0.0
0.0
163.793712121
162.01132615
161.891528484
162.025071411
161.509288432
106.790774053
107.030341316
43.5417761819
0.0
0.0
0.0
0.0
0.0
0.0
0.0
0.0
0.0
0.0
0.0
0.0
163.458170738
164.212893165
164.124293193
163.793170214
163.344911456
108.866360385
108.735543283
43.0056260832
42.7136176277
42.980306468
0.0
0.0
0.0
0.0
0.0
0.0
0.0
0.0
0.0
0.0
0.0
0.0
164.115865734
164.436795941
164.260392623
164.023811404
162.544965152
161.034677698
107.238389119
106.892670732
43.3789459698
43.5904329621
0.0
0.0
0.0
0.0
0.0
0.0
0.0
0.0
0.0
0.0
0.0
0.0
162.592440609
161.985825484
163.050969712
108.13430515
108.426064952
108.30691012
42.9373294
42.4694508999
0.0
0.0
0.0
0.0
0.0
0.0
0.0
0.0
0.0
0.0
0.0
156.21856814
156.783145785
157.734564766
157.312485166
158.028522342
105.250928826
105.290092928
41.8758670339
42.0013891958
41.9007013939
0.0
0.0
0.0
0.0
0.0
0.0
0.0
0.0
0.0
0.0
0.0
0.0
0.0
0.0
0.0
0.0
150.502429102
148.620225146
148.670986272
99.127371467
99.211646732
99.5875915103
39.7546721882
0.0
0.0
0.0
0.0
0.0
0.0
0.0
0.0
0.0
0.0
0.0
0.0
0.0
0.0
152.016288556
152.016199248
151.679053765
151.010139794
149.905834048
100.269396461
100.244859306
40.9052102593
0.0
0.0
0.0
0.0
0.0
0.0
0.0
0.0
0.0
0.0
0.0
0.0
0.0
146.76765965
147.450150863
146.620716319
146.955550206
98.394440801
98.2137071385
38.6455240828
38.6994526471
38.5202755479
0.0
0.0
0.0
0.0
0.0
0.0
0.0
0.0
0.0
0.0
0.0
0.0
0.0
148.038259059
148.022981069
146.917797838
146.567402564
97.050442649
97.1273854866
96.9377938966
38.4495615075
0.0
0.0
0.0
0.0
0.0
0.0
0.0
0.0
0.0
0.0
0.0
0.0
0.0
0.0
138.103218484
138.637256332
138.977711509
138.771834095
91.7744268988
92.1402272683
92.4567321635
37.6588319756
0.0
0.0
0.0
0.0
0.0
0.0
0.0
0.0
0.0
0.0
0.0
0.0
0.0
141.912327814
140.910021304
140.719343172
141.024253622
94.1786157476
93.899080097
92.0474168205
37.4648429716
37.3111907984
0.0
0.0
0.0
0.0
0.0
0.0
0.0
0.0
0.0
0.0
0.0
0.0
139.934635033
140.284897242
140.486212052
140.857898012
141.221397551
93.7888462402
92.0310684965
37.0514340504
37.0497856322
37.067970339
0.0
0.0
0.0
0.0
0.0
0.0
0.0
0.0
0.0
0.0
135.821442533
134.962991114
133.953137461
132.664523224
132.794690427
132.86282965
88.830027325
88.6433467425
35.7501477282
35.484617104
0.0
0.0
0.0
0.0
0.0
0.0
0.0
0.0
0.0
0.0
0.0
0.0
0.0
138.164792041
137.007956521
136.908084894
136.860958616
136.089537195
89.307035914
36.0003308477
35.8966786004
35.9605552018
0.0
0.0
0.0
0.0
0.0
0.0
0.0
0.0
0.0
0.0
0.0
133.261876341
132.537700734
131.701459451
130.71385733
129.957570732
86.8472878243
85.8453049152
34.5395557645
34.1578007661
0.0
0.0
0.0
0.0
0.0
0.0
0.0
0.0
0.0
0.0
0.0
123.231073746
123.47610495
124.106461301
124.726617427
125.547513614
83.5453165085
83.994600744
34.273868445
0.0
0.0
0.0
0.0
0.0
0.0
0.0
0.0
0.0
0.0
0.0
0.0
126.985181776
126.719283023
125.538081614
124.274216003
124.27443824
83.3590480476
83.3062907157
32.5041930783
32.4445326833
32.5854797093
0.0
0.0
0.0
0.0
0.0
0.0
0.0
0.0
0.0
0.0
0.0
0.0
0.0
121.309978633
120.869131801
119.438328061
118.630682672
78.4714144127
78.6503893835
31.5360460956
31.499939308
0.0
0.0
0.0
0.0
0.0
0.0
0.0
0.0
0.0
0.0
0.0
0.0
121.407353275
121.067786903
121.870252327
121.115567862
80.9747583337
80.7852358806
80.5107261203
33.222471802
33.3032103603
0.0
0.0
0.0
0.0
0.0
0.0
0.0
0.0
0.0
0.0
0.0
0.0
0.0
127.738418776
128.509774454
127.589964269
127.541774151
84.4775641053
82.2340903251
33.4382345965
33.2878147456
32.9679167291
0.0
0.0
0.0
0.0
0.0
0.0
0.0
0.0
0.0
0.0
0.0
0.0
118.747327958
118.625269113
117.96494779
117.526996829
78.2106991596
76.1750345934
30.5129088388
30.5393033815
30.6766696887
0.0
0.0
0.0
0.0
0.0
0.0
0.0
0.0
0.0
0.0
0.0
113.423232702
114.095394632
114.257964031
114.780728362
113.808272093
75.3241988795
75.4609354016
30.4580542702
30.3937122752
0.0
0.0
0.0
0.0
0.0
0.0
0.0
0.0
0.0
0.0
0.0
0.0
0.0
0.0
112.742686293
113.723801103
113.77473297
113.038554326
111.272148579
73.7276130007
29.4157048985
29.449886396
29.7986217612
0.0
0.0
0.0
0.0
0.0
0.0
0.0
0.0
0.0
0.0
0.0
0.0
111.468964982
111.622120112
111.474090523
74.315718819
74.5127161773
29.8159406029
29.5709216003
29.3942257904
0.0
0.0
0.0
0.0
0.0
0.0
0.0
0.0
0.0
0.0
0.0
0.0
0.0
106.831341707
106.716117962
106.393385233
106.530410742
70.6270765287
28.7654564334
28.8034958085
0.0
0.0
0.0
0.0
0.0
0.0
0.0
0.0
0.0
0.0
0.0
0.0
0.0
103.045311545
103.147558515
102.765553303
101.738587405
67.665701502
67.0550807571
66.6740108736
26.6854289285
26.6321089991
0.0
0.0
0.0
0.0
0.0
0.0
0.0
0.0
0.0
0.0
0.0
0.0
100.207115654
100.090966296
100.55169978
100.737492448
66.9338075781
66.7343911943
67.0854345583
27.4932187759
27.1183009974
0.0
0.0
0.0
0.0
0.0
0.0
0.0
0.0
0.0
0.0
0.0
104.130203548
104.220610488
103.211029563
102.728008739
102.070765488
67.4664597739
67.467102586
26.2978296643
26.2124040066
0.0
0.0
0.0
0.0
0.0
0.0
0.0
0.0
0.0
0.0
0.0
0.0
0.0
0.0
101.13621886
100.978193162
101.963021742
100.733760776
66.2012390215
26.6465435718
26.3501969091
0.0
0.0
0.0
0.0
0.0
0.0
0.0
0.0
0.0
0.0
0.0
0.0
91.1849639326
91.5472867592
92.3587888735
90.832436829
91.3321943258
61.0663092559
61.0324191377
24.869443914
24.350058227
0.0
0.0
0.0
0.0
0.0
0.0
0.0
0.0
0.0
0.0
0.0
0.0
0.0
0.0
93.5066805595
93.8068759968
93.120748081
92.6146602635
60.9846720581
61.5219173473
61.6542413305
24.8003937439
24.4184122744
0.0
0.0
0.0
0.0
0.0
0.0
0.0
0.0
0.0
0.0
0.0
0.0
0.0
90.9813668234
91.1338173582
91.0202834094
90.0273933172
88.9632579284
58.2796970329
59.077234279
23.9798017663
24.0041898108
0.0
0.0
0.0
0.0
0.0
0.0
0.0
0.0
0.0
0.0
0.0
0.0
0.0
85.8717154931
86.0534241178
85.8321685171
85.9129312889
85.2103235313
0.0
83.0040153292
82.3240081783
81.676442614
80.6781108551
53.7595281189
21.6427376424
21.5414913213
0.0
0.0
0.0
0.0
0.0
0.0
0.0
0.0
0.0
0.0
0.0
0.0
81.3815497887
80.9104977674
80.2583794804
80.5674543311
53.5087865783
53.3358455238
53.9409966249
21.363988509
21.5802860931
0.0
0.0
0.0
0.0
0.0
0.0
0.0
0.0
0.0
0.0
0.0
0.0
0.0
83.1958672375
83.105957198
83.2201486193
82.3470430891
53.4739425571
53.8041556586
53.8550250014
22.1272736882
22.1012389639
21.8191414559
0.0
0.0
0.0
0.0
0.0
0.0
0.0
0.0
0.0
0.0
0.0
0.0
83.1318570033
83.5947528306
83.5222672971
55.0751705902
54.6068157433
52.5348613672
21.7250760995
22.0862823877
0.0
0.0
0.0
0.0
0.0
0.0
0.0
0.0
0.0
0.0
0.0
0.0
0.0
79.0572607321
78.6734948202
78.6612202754
79.3388218664
79.0284138896
49.891521606
49.0887959428
19.7097602815
0.0
0.0
0.0
0.0
0.0
0.0
0.0
0.0
0.0
0.0
0.0
0.0
0.0
71.9623041226
72.3507119988
71.7990418077
71.801038066
72.8096439642
48.069260923
18.9561867943
18.8654515368
18.4545860425
0.0
0.0
0.0
0.0
0.0
0.0
0.0
0.0
0.0
0.0
0.0
0.0
0.0
68.7542921227
67.4980671901
67.2809284344
67.9075718753
45.4621976982
45.7877367054
46.1598784763
18.6915692838
0.0
0.0
0.0
0.0
0.0
0.0
0.0
0.0
0.0
0.0
0.0
73.8459530066
74.3464464676
74.3785578173
74.2283716151
74.0145762114
48.8507222606
49.1042790522
19.337617461
0.0
0.0
0.0
0.0
0.0
0.0
0.0
0.0
0.0
0.0
0.0
0.0
0.0
67.0555108601
67.3290660518
66.4367667219
66.2300323068
66.7826007559
43.865265487
44.4675044347
18.7702468734
18.6592374279
0.0
0.0
0.0
0.0
0.0
0.0
0.0
0.0
0.0
0.0
0.0
0.0
0.0
68.0557770356
68.1453153722
67.6448895236
67.0193579107
44.2303132039
42.4026989714
41.9029652313
16.7649280613
16.750103218
0.0
0.0
0.0
0.0
0.0
0.0
0.0
0.0
0.0
0.0
0.0
0.0
64.4332029253
64.4988152606
65.5185017329
66.1322763985
43.786867338
43.8149902563
43.9936775068
18.2791045108
18.2645323038
0.0
0.0
0.0
0.0
0.0
0.0
0.0
0.0
0.0
0.0
0.0
0.0
0.0
0.0
0.0
69.1520339495
68.2383453889
67.5737212954
64.7640860267
42.4124495219
42.2362626615
42.1040769544
16.4912940768
16.7949867087
0.0
0.0
0.0
0.0
0.0
0.0
0.0
0.0
0.0
0.0
0.0
0.0
57.264692327
56.9813326851
56.8378702858
56.6450412699
56.4167082081
36.9239155131
36.988739243
36.6885086433
15.1045314093
15.1504628961
0.0
0.0
0.0
0.0
0.0
0.0
0.0
0.0
0.0
0.0
0.0
0.0
60.1682089902
60.5450315165
61.1281841662
61.5634568388
61.5652088738
40.5243503327
15.8417151515
15.8940631926
0.0
0.0
0.0
0.0
0.0
0.0
0.0
0.0
0.0
0.0
0.0
0.0
53.2739458152
52.5325953677
52.3474151952
51.5252905901
51.740799714
34.4557703701
33.9512684753
14.0428880173
14.1550574359
0.0
0.0
0.0
0.0
0.0
0.0
0.0
0.0
0.0
0.0
0.0
0.0
0.0
53.6085249871
54.0350382809
54.3973697019
54.1218690355
53.0892368717
33.0950352614
32.9458431165
32.9159109907
13.376792448
13.5302710541
0.0
0.0
0.0
0.0
0.0
0.0
0.0
0.0
0.0
0.0
0.0
46.6655494435
46.7040469808
47.0529004291
46.5564191085
46.3746413026
30.6801598427
30.5791431352
13.055089986
12.8875975971
0.0
0.0
0.0
0.0
0.0
0.0
0.0
0.0
0.0
0.0
0.0
0.0
42.9776574284
42.760663631
42.9160949788
43.3473119696
43.2290862126
28.1614270384
26.0279888478
10.8678549535
11.0155704445
0.0
0.0
0.0
0.0
0.0
0.0
0.0
0.0
0.0
0.0
0.0
0.0
41.9576896715
41.7986431067
41.7977151316
41.8888690659
27.9850328366
28.0284419825
11.3462329339
11.3046431312
0.0
0.0
0.0
0.0
0.0
0.0
0.0
0.0
0.0
0.0
0.0
0.0
0.0
45.9001450449
45.1251919118
44.7865131947
44.7174651215
44.1772462081
27.1248294561
26.8645214096
10.8073425317
10.3074968828
0.0
0.0
0.0
0.0
0.0
0.0
0.0
0.0
0.0
0.0
0.0
0.0
33.8135941617
33.4269369615
33.8445441993
33.3468711264
22.2500261582
22.5179282851
8.99405128763
9.08516431627
0.0
0.0
0.0
0.0
0.0
0.0
0.0
0.0
0.0
0.0
0.0
0.0
0.0
34.5982413486
34.8697091117
34.1336622481
34.7627939014
34.7484746135
22.6476183087
22.776933213
8.59920427046
8.47356239957
0.0
0.0
0.0
0.0
0.0
0.0
0.0
0.0
0.0
0.0
0.0
0.0
0.0
0.0
35.0095233133
34.8427826415
34.4189851711
33.6911043884
22.7050500953
22.859509921
9.42739445248
9.56997288031
0.0
0.0
0.0
0.0
0.0
0.0
0.0
0.0
0.0
0.0
0.0
0.0
0.0
32.6249551538
32.4005806573
32.7946954796
34.4083425177
33.4347098235
21.372838831
20.8104046006
8.81107350259
8.58113134961
0.0
0.0
0.0
0.0
0.0
0.0
0.0
0.0
0.0
0.0
0.0
29.9408970113
30.5866484514
30.0121361519
28.6262657671
29.0454944755
19.0633987704
18.9402317055
6.934871378
6.85339813599
7.15530760867
0.0
0.0
0.0
0.0
0.0
0.0
0.0
0.0
0.0
0.0
0.0
0.0
26.36084561
26.6391384464
25.6038957437
17.2037904531
16.8399101629
16.5965465793
7.27162700701
6.9512185615
0.0
0.0
0.0
0.0
0.0
0.0
0.0
0.0
0.0
0.0
0.0
0.0
0.0
26.1891488876
26.3160652718
26.5602224287
26.8061120667
0.0
23.3512248372
23.1746494881
22.2661652464
21.2728117745
21.105252919
20.0123963019
12.5301051397
5.27036326772
4.99924905513
0.0
0.0
0.0
0.0
0.0
0.0
0.0
0.0
0.0
0.0
0.0
0.0
0.0
0.0
19.2185442568
19.1591475144
18.9171845028
19.4484170063
17.7317835295
11.6024217503
11.9621711125
5.42678165394
5.66403455832
5.64561627659
0.0
0.0
0.0
0.0
0.0
0.0
0.0
0.0
0.0
0.0
0.0
16.6395742389
16.7237097267
15.623518104
15.5877353873
15.8760198915
9.78566757365
7.83476724307
7.82087258797
2.82373405671
0.0
0.0
0.0
0.0
0.0
0.0
0.0
0.0
0.0
0.0
0.0
0.0
11.4873729841
12.4572212956
12.919045835
12.8843130636
12.9801999158
8.68060174958
8.50661294623
3.78309948726
3.66191285979
0.0
0.0
0.0
0.0
0.0
0.0
0.0
0.0
0.0
0.0
0.0
0.0
0.0
0.0
14.194657835
15.3946644387
15.5775986201
14.7700669636
9.28960100249
8.52841105519
3.74614601136
3.35675344731
3.10344691578
7.59858774334
7.6140060865
2.84279460786
2.97398515574
0.0
0.0
0.0
0.0
0.0
0.0
0.0
0.0
0.0
0.0
0.0
0.0
0.0
0.0
0.0
7.97144484881
9.0465467964
8.7241925063
5.2980309182
5.16936880603
2.32477652345
2.68173616307
0.0
0.0
0.0
0.0
0.0
0.0
0.0
0.0
0.0
0.0
0.0
0.0
0.0
14.198392313
12.9231978937
12.3596037346
8.63391851643
8.53792101464
7.6726105985
3.32536804399
3.23228534015
0.0
0.0
0.0
0.0
0.0
0.0
0.0
0.0
0.0
0.0
0.0
0.0
0.0
13.0318012186
13.5959120457
12.239229277
11.351000096
11.0778303651
5.55868804173
5.23115084646
4.71473486728
2.50478773609
2.40184866848
0.0
0.0
0.0
0.0
0.0
0.0
0.0
0.0
0.0
0.0
0.0
0.0
0.0
6.76997881818
5.78088442809
5.40291699229
5.40345478651
4.51110002294
1.8307020299
1.84675769311
1.74237568828
1.63781564667
0.0
0.0
0.0
0.0
0.0
0.0
0.0
0.0
0.0
0.0
0.0
0.0
0.0
0.0
6.97618228574
6.69206118284
5.43615194995
4.32218885686
0.438453960275
0.0801031859833
-0.264087123086
-0.501455293549
-0.40202992736
-0.0
-0.0
-0.0
0.0
0.0
0.0
0.0
0.0
0.0
0.0
0.0
-0.0
-0.0
0.367901959875
0.343288769006
1.36731167239
1.57390614594
0.390754758062
0.489069971919
0.0758456044618
0.0700380474117
-0.0
-0.0
-0.0
-0.0
-0.0
-0.0
-0.0
-0.0
-0.0
-0.0
-0.0
0.0
0.0
1.67964773924
0.650423241944
-0.270876633235
-0.112579774974
0.143027870111
0.486440284386
0.729414707108
0.713909610192
0.0
0.0
0.0
0.0
0.0
0.0
0.0
0.0
0.0
0.0
0.0
0.0
0.0
2.2746587841
3.82847814219
4.00812139725
3.36597887846
0.730187455862
-0.451108234355
-1.08658603818
-0.523796238556
0.386097030309
0.0
0.0
0.0
0.0
-0.0
-0.0
-0.0
-0.0
-0.0
-0.0
-0.0
-0.0
-0.0
-3.40547518418
-2.76179190854
-2.1392125306
-1.55884094808
-1.80857520281
-2.23065315696
-2.2515641673
-2.70178065173
-3.67492081887
-3.01598784179
-2.63143432604
-1.27111759517
-1.34896880854
-0.0
-0.0
-0.0
-0.0
-0.0
-0.0
-0.0
0.0
0.0
0.0
0.0
0.0
0.0
0.0
-0.567502125358
-0.0645210981408
-1.1584400523
-2.94173380415
-2.17142714226
-1.29988121384
-1.51326186943
-1.48512333915
-0.0115625648467
-0.211349968628
-0.399881960299
-0.0
-0.0
-0.0
-0.0
-0.0
-0.0
-0.0
-0.0
-0.0
-0.0
-0.0
0.0
-0.0
-0.0
-0.0
-1.62969576011
-2.95224507128
-5.41443364979
-6.14253251627
-6.48721991511
-6.9831759068
-8.72429065437
-6.2312466882
-6.55954233749
-5.90999526853
-1.88938210069
-1.83310504013
-0.0
-0.0
-0.0
-0.0
-0.0
-0.0
-0.0
-0.0
-0.0
-0.0
-0.0
-0.0
-0.0
-0.0
-1.11968969736
-1.63674958676
-2.82562168504
-3.86676649936
-5.87520688159
-6.81434472514
-7.27511795694
-4.55696574857
-4.5686933352
-3.77845361485
-0.632499597003
-0.230114775229
-0.547147334769
-0.0
-0.0
-0.0
-0.0
0.0
0.0
0.0
0.0
0.0
0.0
0.0
0.0
0.0
0.0
1.71500941414
2.33533699804
1.4220462134
-2.15809940375
-2.54083816773
-1.99447850584
-2.11639934098
-2.54552152474
-0.803411430757
-1.33242347759
-1.68603996531
-0.0
-0.0
-0.0
-0.0
-0.0
-0.0
-0.0
-0.0
-0.0
-0.0
-0.0
-0.0
-0.0
-0.0
-0.0
-0.0
-0.0
-4.86648092809
-4.13135702609
-4.08563671292
-4.44794428284
-6.21367544587
-6.45638466507
-4.44729077327
-4.92566498206
-4.33942000918
-2.13628716027
-2.17943546591
-2.34545663336
-0.0
-0.0
-0.0
-0.0
-0.0
-0.0
-0.0
-0.0
-0.0
-0.0
-0.0
-0.0
-0.0
-0.0
-0.0
-0.0
-0.0
-5.75635714957
-5.1372902894
-4.90160610572
-4.88050220802
-5.27445122893
-5.62265114554
-6.10806958394
-4.29949631002
-4.76378205958
-4.22678911173
-3.5491035125
-1.47029843713
-1.68697663671
-1.9486688071
-0.0
-0.0
-0.0
-0.0
-0.0
-0.0
-0.0
-0.0
-0.0
-0.0
-0.0
-0.0
-0.0
0.0
-0.0
-0.0
-0.0
-0.0
-5.471893128
-5.77440152256
-6.15427168129
-6.78036357699
-7.4275593704
-6.93160337871
-5.13930924484
-6.0116228775
-5.95768749545
-2.00882102905
-1.7912138357
-1.98912021904
-0.0
-0.0
-0.0
-0.0
-0.0
-0.0
-0.0
-0.0
-0.0
-0.0
-0.0
-0.0
-0.0
-0.0
-0.0
-0.0
-0.0
-0.0
-5.29597932855
-6.10852257699
-6.07336860823
-5.59851651424
-6.03467333058
-4.75707821351
-4.85790474798
-4.82038030958
-4.46160445151
-1.14401228407
-1.2471920135
-1.14963999012
-0.0
-0.0
-0.0
-0.0
-0.0
-0.0
0.0
-0.0
0.0
0.0
-0.0
-0.0
-0.0
-3.48552629778
-3.93224945853
-5.15981683446
-5.61005251297
-7.24916028976
-7.75214131697
-8.19886447772
-6.21628325525
-7.01356720521
-6.77673137636
-6.83769179393
-2.0522355868
-2.22951216636
-2.50058640606
-2.48933099395
-0.0
-0.0
-0.0
-0.0
-0.0
-0.0
-0.0
-0.0
-0.0
-0.0
-0.0
-0.0
-0.0
-0.0
-0.766636011274
-2.27560788405
-4.9065988531
-5.28646901183
-5.69098437717
-6.57032304535
-5.32755867894
-5.64646842011
-5.54093933453
-2.10569495551
-1.94436482271
-1.87402233584
-1.83650173626
-0.0
-0.0
-0.0
-0.0
-0.0
-0.0
-0.0
-0.0
-0.0
-0.0
-0.0
-0.0
0.0
0.0
-0.0
-0.0
-0.0
-3.13778975736
-4.17893457168
-4.6819155989
-5.59994954474
-6.18734616279
-6.29637816909
-6.44059293528
-3.49410299506
-3.42373747528
-3.82706280727
-3.64180148788
-0.539381475229
-0.666008700291
-0.0
-0.0
-0.0
-0.0
-0.0
-0.0
0.0
0.0
0.0
0.0
0.0
0.0
-0.0
-0.0
-0.0
-4.37338268608
-5.33011190957
-6.48031752132
-10.0223461918
-11.7845648371
-11.9217257766
-11.9147007411
-8.08382647877
-7.50464492959
-7.81182708413
-2.9662183927
-3.06189707327
-3.45959853803
-3.72973610632
-0.0
-0.0
-0.0
-0.0
-0.0
-0.0
-0.0
-0.0
-0.0
-0.0
-0.0
-0.0
-0.0
-0.0
-0.0
-0.0
-0.0
-8.5696321855
-8.14755423135
-8.65053525856
-9.0304054173
-10.3318220396
-10.521757119
-10.3810836617
-7.62186321363
-7.91499529711
-7.62422408623
-7.21387371871
-2.91368801776
-3.1369305948
-3.17069683113
-0.0
-0.0
-0.0
-0.0
-0.0
-0.0
-0.0
-0.0
-0.0
-0.0
-0.0
-0.0
-0.0
-0.0
-0.0
-0.0
-0.0
-0.0
-0.0
-4.34876627061
-3.31464649181
-4.53870134997
-3.95835855858
-4.98896581962
-5.02414857951
-4.31084496685
-4.51954226541
-4.75403641575
-4.87831812348
-1.05462561089
-1.20281931113
-1.35945840928
-1.52923393997
-1.52736059717
-0.0
-0.0
-0.0
-0.0
-0.0
-0.0
-0.0
0.0
0.0
0.0
0.0
0.0
-0.0
-0.0
-0.0
-5.22823463355
-6.27643327453
-6.4558308006
-6.10760209287
-6.64225336221
-7.90851601579
-7.94721129344
-6.09542481225
-6.49876933833
-6.26427518799
-6.66525884148
-2.38190054198
-2.62858293701
-2.60606443516
-0.0
-0.0
-0.0
-0.0
-0.0
-0.0
-0.0
-0.0
-0.0
-0.0
-0.0
-0.0
-0.0
-0.0
-0.0
-0.0
-0.0
-0.0
-0.0
-11.9430169513
-12.4248940808
-12.0168949889
-11.7741857697
-12.2279339659
-12.4776682207
-8.5951474262
-8.61626092095
-8.18245538017
-7.61264054502
-2.11458834317
-2.00109755066
-1.97201467134
-1.87164495612
-0.0
-0.0
-0.0
-0.0
-0.0
-0.0
-0.0
-0.0
-0.0
-0.0
-0.0
-0.0
-0.0
-0.0
-0.0
-0.0
-0.0
-0.0
-14.102639553
-15.1860209539
-14.6689610645
-14.0815356553
-14.8588673527
-10.3420779819
-10.4522904245
-9.94577768539
-3.11632002102
-3.13413981059
-3.02158568948
-0.0
-0.0
-0.0
-0.0
-0.0
-0.0
-0.0
-0.0
-0.0
-0.0
-0.0
-0.0
-0.0
-0.0
-0.0
-0.0
-0.0
-9.83956584272
-9.43859178628
-9.89936501808
-9.73407514531
-9.78330797625
-10.4621740118
-7.7439280942
-7.69001190624
-7.30075583938
-2.66517454282
-2.56481250523
-2.45881508395
-0.0
-0.0
-0.0
-0.0
-0.0
-0.0
-0.0
-0.0
-0.0
-0.0
-0.0
-0.0
-0.0
-0.0
-3.62796609006
-4.04653152644
-4.28218691899
-5.26353255795
-5.24594117801
-5.95293614677
-4.25000940062
-3.86777836929
-4.15618870758
-1.55742241079
-1.3566983356
-1.55648573938
-0.0
-0.0
-0.0
-0.0
-0.0
-0.0
-0.0
-0.0
-0.0
-0.0
-0.0
-0.0
-0.0
-0.0
-0.0
-0.0
-0.0
-6.6704398777
-7.25081146022
-7.48646685277
-7.45128409288
-8.50650776938
-8.20048685706
-5.33098194367
-5.14337894577
-5.51622406898
-5.65223336335
-1.95792621212
-2.30404165097
-2.18023211776
-2.1661590138
-0.0
-0.0
-0.0
-0.0
-0.0
-0.0
-0.0
-0.0
-0.0
-0.0
-0.0
0.0
0.0
-0.0
-0.0
-0.0
-5.7782950264
-5.54966466938
-6.13354876967
-6.85813511838
-7.55108001609
-8.98266133357
-9.14095496194
-6.1971573817
-6.27923129402
-5.38814584512
-1.55214176345
-1.45834410332
-1.36548311459
-0.0
-0.0
-0.0
-0.0
-0.0
0.0
0.0
0.0
0.0
0.0
0.0
0.0
0.0
0.0
3.86434353746
4.01114900566
3.93031032043
0.887720725411
0.369853182094
-0.623100690979
0.00299120471976
0.51870210426
-0.0
-0.0
-0.0
-0.0
-0.0
-0.0
-0.0
-0.0
-0.0
0.0
-0.0
-0.0
-0.0
-0.0
-0.0
-6.16391385642
-6.51214256416
-7.10305169997
-8.20750820741
-10.3671883914
-9.49136224094
-9.18182881085
-6.55502474801
-7.06387916559
-6.8106323931
-2.78428438104
-2.91747598356
-3.31236743411
-0.0
-0.0
-0.0
-0.0
-0.0
-0.0
-0.0
-0.0
-0.0
-0.0
-0.0
-0.0
-0.0
-0.0
-0.0
-0.0
-7.20157494411
-7.971881606
-8.19348692749
-8.5100453931
-10.2968804538
-11.1973230197
-11.3520753392
-7.88930164582
-7.06387916559
-7.15533898603
-2.15584696802
-2.42129350165
-2.45318639518
-0.0
-0.0
-0.0
-0.0
-0.0
-0.0
-0.0
-0.0
-0.0
-0.0
0.0
0.0
0.0
0.0
2.15055517307
0.5868677663
-1.02295849932
-3.71728995261
-3.52381356435
-4.52629189215
-4.31171160618
-3.56388758999
-4.10088053784
-3.9390743917
-1.94238267695
-2.10277613834
-2.33632977846
-0.0
-0.0
-0.0
-0.0
-0.0
-0.0
-0.0
-0.0
-0.0
-0.0
-0.0
-0.0
-0.0
-0.0
-0.0
-0.0
-0.0
-0.0
-8.87026867552
-9.04261237494
-9.2677302142
-10.0661658093
-11.624370513
-12.964482413
-12.7534146448
-8.51400401652
-8.68987942779
-8.9196902211
-8.6969236574
-2.84001330923
-2.6542990094
-2.79687268123
-0.0
-0.0
-0.0
-0.0
-0.0
-0.0
-0.0
-0.0
-0.0
-0.0
-0.0
-0.0
-0.0
-0.0
-0.0
-0.0
-0.0
-0.0
-0.0
-8.75772415146
-8.51501493225
-9.28180907638
-8.47280713684
-10.3088750285
-11.0686441371
-11.3957689472
-8.54922516458
-8.24672636706
-8.04739578253
-7.32047735235
-2.39354351042
-2.00709745777
-1.89548000807
-0.0
-0.0
-0.0
-0.0
-0.0
-0.0
-0.0
-0.0
-0.0
-0.0
-0.0
-0.0
-0.0
-0.0
-0.0
-0.0
-3.51318963767
-6.46430917235
-7.76224206805
-8.93352278638
-10.6676124984
-11.7580189348
-11.1776473523
-8.6242356532
-8.1857467554
-7.26418109771
-6.45516956113
-2.76028107542
-2.90191807584
-0.0
-0.0
-0.0
-0.0
-0.0
-0.0
-0.0
-0.0
-0.0
-0.0
-0.0
-0.0
-0.0
-0.0
-0.0
-0.0
-0.0
-14.7477473738
-14.9025284844
-15.2964775053
-14.3327232463
-15.3914594405
-10.8096743007
-10.3782104385
-9.45900565338
-2.88971831469
-2.75652671217
-2.53516515557
-0.0
-0.0
-0.0
-0.0
-0.0
-0.0
-0.0
-0.0
-0.0
-0.0
-0.0
-0.0
-0.0
-0.0
-3.07349151245
-3.0594414414
-3.43931160013
-6.6401365984
-7.55114550872
-5.74930704344
-6.17140419168
-6.63570913533
-6.59584301843
-2.68242218441
-2.96381516481
-3.04542074143
-0.0
-0.0
-0.0
-0.0
-0.0
-0.0
-0.0
-0.0
-0.0
-0.0
-0.0
-0.0
-0.0
-0.0
-0.0
-0.0
-0.0
-0.0
-0.0
-8.36374633941
-9.17977331448
-9.43653260473
-9.47874040014
-10.9419631686
-10.9700921019
-7.73313101021
-7.89259547783
-7.26884526064
-6.79751528147
-2.06336684069
-2.25940755886
-1.99208768241
-0.0
-0.0
-0.0
-0.0
-0.0
-0.0
-0.0
-0.0
-0.0
-0.0
-0.0
-0.0
-0.0
-0.0
0.0
-0.0
-0.0
-3.0364077485
-3.15246479033
-3.52179739577
-3.96849176539
-5.77994324161
-5.65331985536
-4.19564121474
-4.81468888083
-5.34229592056
-1.71014170179
-1.77485648261
-1.56287699531
-0.0
-0.0
-0.0
-0.0
-0.0
-0.0
-0.0
-0.0
-0.0
-0.0
-0.0
-0.0
-0.0
-0.0
-0.0
-3.3423998697
-3.71875751067
-5.59352068
-5.25234579892
-5.18200907027
-6.12465943158
-5.99452352757
-5.16411721895
-5.15943386193
-5.49943790376
-4.84052412077
-2.11817726252
-2.01124316983
-0.0
-0.0
-0.0
-0.0
-0.0
-0.0
-0.0
-0.0
-0.0
-0.0
-0.0
-0.0
-0.0
-0.0
-0.0
-0.0
-0.0
-4.46793148372
-4.67897046079
-6.28643678659
-7.17634179919
-7.2748362522
-7.29242763215
-5.05156309784
-5.38922546116
-5.70813520233
-4.80065800386
-1.18489169583
-0.990724320473
-1.11828821694
-0.0
-0.0
-0.0
-0.0
-0.0
-0.0
-0.0
-0.0
-0.0
-0.0
-0.0
-0.0
0.0
-0.0
-0.0
-0.0
-0.0
-8.08092348211
-9.9310990271
-11.306393687
-11.257160856
-12.1681697664
-12.2033525262
-11.5948520105
-8.12151827978
-8.36069578713
-7.87061318579
-2.92501037491
-3.10510464632
-3.27580917078
-3.25986272402
-0.0
-0.0
-0.0
-0.0
-0.0
-0.0
-0.0
-0.0
-0.0
-0.0
-0.0
-0.0
-0.0
-0.0
-0.0
-0.0
-0.0
-0.0
-11.2993686515
-10.3461519457
-11.3767304156
-11.2254906139
-11.4576334887
-11.0812758477
-7.79552592083
-7.87291647613
-7.51414061806
-7.04046896037
-1.97013530014
-2.00952924253
-2.12208336363
-2.01797464043
-0.0
-0.0
-0.0
-0.0
-0.0
-0.0
-0.0
-0.0
-0.0
-0.0
-0.0
-0.0
-0.0
-0.0
-0.0
-0.0
-0.0
-0.0
-12.0874106489
-13.3571858203
-14.8802077641
-14.9364656306
-14.880178973
-15.7032597747
-11.0034719251
-11.4677576746
-11.4489858584
-4.17532850114
-4.09091291031
-4.09935063057
-4.03369150072
-0.0
-0.0
-0.0
-0.0
-0.0
-0.0
-0.0
-0.0
-0.0
-0.0
-0.0
-0.0
-0.0
-0.0
-0.0
-0.0
-0.0
-0.0
-0.0
-8.14437913088
-7.62380672371
-7.05046017672
-6.66707750022
-6.7127978134
-7.54290365065
-6.03744429563
-4.93245925631
-5.39440332736
-4.88084635868
-1.67751761817
-1.84541212842
-2.27125212345
-2.51606117568
-0.0
-0.0
-0.0
-0.0
-0.0
-0.0
-0.0
-0.0
-0.0
-0.0
-0.0
-0.0
-0.0
-0.0
-0.0
-0.0
-0.0
-0.0
-9.7060387701
-9.57941538386
-9.14325856753
-9.2452655383
-10.1140378621
-7.07801259286
-7.41333327767
-7.24918545303
-7.72990134033
-2.43632126423
-1.93450339863
-1.97389734102
-0.0
-0.0
-0.0
-0.0
-0.0
-0.0
-0.0
-0.0
-0.0
-0.0
-0.0
-0.0
-0.0
-0.0
-0.0
-0.0
-0.0
-0.0
-0.0
-11.4049169311
-10.9476562171
-10.2089910062
-10.8210040397
-12.3616173635
-8.25046415044
-7.97142052619
-8.02769758674
-8.07224706066
-3.14354656203
-3.49998074159
-3.19701360837
-0.0
-0.0
-0.0
-0.0
-0.0
-0.0
-0.0
-0.0
-0.0
-0.0
-0.0
-0.0
-0.0
-0.0
-0.0
-0.0
-0.0
-10.8527318641
-11.1094911543
-11.5597268329
-12.2561554572
-12.3616749457
-12.9314801838
-8.7968622005
-9.68088422571
-9.13920792084
-3.55437678171
-3.05443993655
-3.1097803257
-0.0
-0.0
-0.0
-0.0
-0.0
-0.0
-0.0
-0.0
-0.0
-0.0
-0.0
-0.0
-0.0
-0.0
-0.0
-0.0
-0.0
-10.3145392859
-11.5632105595
-12.74857014
-12.340571048
-12.7697028288
-13.5153930753
-8.79453971608
-8.78983716498
-8.74997104807
-2.96909535195
-2.85185019619
-2.59954009511
-0.0
-0.0
-0.0
-0.0
-0.0
-0.0
-0.0
-0.0
-0.0
-0.0
-0.0
-0.0
-0.0
-0.0
-0.0
-0.0
-0.0
-8.34128166351
-8.01064433572
-9.01660639015
-9.34018989129
-9.7130350145
-10.3743096701
-9.70952249674
-7.18354167844
-7.78151423795
-7.5446784091
-7.80260853861
-2.91562830561
-3.01130698618
-2.75523484421
-0.0
-0.0
-0.0
-0.0
-0.0
-0.0
-0.0
-0.0
-0.0
-0.0
-0.0
-0.0
-0.0
-0.0
-0.0
-6.20270537727
-6.68812381567
-8.94278593487
-9.32616861137
-10.771828791
-10.3989836678
-10.9265811105
-7.687712739
-7.40866911474
-7.32893688093
-2.20558531596
-2.22153176273
-2.33127586962
-0.0
-0.0
-0.0
-0.0
-0.0
-0.0
-0.0
-0.0
-0.0
0.0
0.0
0.0
-0.0
-0.0
-2.3817961555
-2.50139450621
-3.41942845206
-7.14082585749
-8.37193454231
-8.32270171137
-6.16753466775
-5.54142357797
-6.3246190687
-6.80063240489
-6.34103001234
-2.70993422125
-2.85438123588
-3.16766710981
-0.0
-0.0
-0.0
-0.0
-0.0
-0.0
-0.0
-0.0
-0.0
-0.0
-0.0
-0.0
-0.0
-0.0
-0.0
-0.0
-0.0
-0.0
-0.0
-7.64020799356
-8.56880828382
-8.6919191523
-8.78338856978
-9.14566734857
-10.3134643403
-7.62601649695
-7.5369175491
-7.21566612943
-2.59830909391
-2.40133938197
-2.4322956041
-0.0
-0.0
-0.0
-0.0
-0.0
-0.0
-0.0
-0.0
-0.0
-0.0
-0.0
-0.0
-0.0
-0.0
-0.0
-0.0
-0.0
-10.9079435761
-12.2691593738
-12.8460184386
-13.5108056119
-13.4545189543
-13.9856289148
-14.7559355767
-9.77865245129
-9.60043536151
-9.21820433018
-3.30834440592
-3.34304731366
-3.68915507488
-0.0
-0.0
-0.0
-0.0
-0.0
-0.0
-0.0
-0.0
-0.0
-0.0
-0.0
-0.0
-0.0
-0.0
-0.0
-0.0
-6.14540135635
-8.70254307897
-9.63816840476
-8.77993363428
-8.68143918127
-8.72013445892
-8.75177590992
-6.44655909792
-6.77953810423
-6.75608293097
-2.95662429391
-2.84875352983
-0.0
-0.0
-0.0
-0.0
-0.0
-0.0
-0.0
-0.0
-0.0
-0.0
-0.0
-0.0
-0.0
-0.0
-0.0
-5.57211239161
-7.05998036668
-7.67202219133
-6.52532909734
-6.89466170278
-7.6403519492
-5.37729494741
-6.08311907692
-5.75014007062
-1.66505423776
-1.43337394046
-0.0
-0.0
-0.0
-0.0
-0.0
-0.0
-0.0
-0.0
-0.0
-0.0
-0.0
-0.0
-0.0
-0.0
-0.0
-0.0
-7.08453919989
-7.27798679702
-10.1305830876
-11.2491184572
-11.9737048059
-8.36936506486
-8.32011303983
-7.96603973286
-2.98381847515
-3.10575466556
-0.0
-0.0
-0.0
-0.0
-0.0
-0.0
-0.0
-0.0
-0.0
-0.0
-0.0
-0.0
-0.0
-0.0
-0.0
-0.0
-8.14678791192
-10.5104820374
-10.6265390792
-11.1119287265
-12.1953101274
-13.2892290815
-8.25214678082
-8.48428005856
-8.87119444691
-3.09262591065
-3.20518770939
-3.06730507221
-0.0
-0.0
-0.0
-0.0
-0.0
-0.0
-0.0
-0.0
-0.0
-0.0
-0.0
-0.0
-0.0
-0.0
-0.0
-0.0
-2.17781100508
-4.27769201367
-0.0
-6.15948021853
-6.83132121853
-4.52841729392
-4.31035328132
-1.87609705366
-1.73821441648
-1.77198065282
-1.80855690336
-0.0
-0.0
-0.0
-0.0
-0.0
-0.0
-0.0
-0.0
-0.0
-0.0
-0.0
-0.0
-0.0
-0.0
-0.0
-0.0
-3.03244688441
-4.35145488669
-5.57902226262
-5.62828388469
-6.43728582423
-6.45487720417
-4.77223977012
-5.48979148626
-5.71021637145
-5.41242012504
-1.55246940612
-1.54872272051
-0.0
-0.0
-0.0
-0.0
-0.0
-0.0
-0.0
-0.0
-0.0
-0.0
-0.0
-0.0
-0.0
-5.68814064231
-5.57556732711
-4.89670129158
-5.89563831049
-7.78093903311
-9.71198886004
-7.45484363678
-7.33292280164
-2.86656564176
-2.86093793571
-2.70054447431
-0.0
-0.0
-0.0
-0.0
-0.0
-0.0
-0.0
-0.0
-0.0
-0.0
-0.0
-0.0
-0.0
-0.0
-0.0
-0.0
-0.0
-0.0
-10.3838586512
-11.9772461148
-13.5214007475
-9.22062278503
-8.01767182457
-8.44679400833
-7.92621200413
-3.13953625716
-2.9444322104
-2.79904852437
-0.0
-0.0
-0.0
-0.0
-0.0
-0.0
-0.0
-0.0
-0.0
-0.0
-0.0
-0.0
-0.0
-0.0
-0.0
-0.0
-3.38775820993
-3.59174336035
-5.22382610161
-5.92376724372
-5.76901492424
-3.65608446717
-4.63861054243
-4.85435207061
-1.50933645575
-1.47744356223
-1.19886827367
-0.0
-0.0
-0.0
-0.0
-0.0
-0.0
-0.0
-0.0
-0.0
-0.0
-0.0
-0.0
-0.0
-0.0
-7.39401504772
-7.34826594341
-7.75626503538
-9.70490624226
-10.1727045096
-11.2666234637
-7.57204272673
-8.02225921116
-8.18406535729
-2.6986480986
-2.96315796084
-3.17795513998
-0.0
-0.0
-0.0
-0.0
-0.0
-0.0
-0.0
-0.0
-0.0
-0.0
-0.0
-0.0
-0.0
-0.0
-0.0
-0.0
-0.0
-7.3834487033
-7.53468850502
-7.18645979728
-7.49599322737
-8.5793458371
-5.72190556991
-5.81100451776
-6.04081531108
-1.40331600157
-1.48304823538
-1.61249315229
-0.0
-0.0
-0.0
-0.0
-0.0
-0.0
-0.0
-0.0
-0.0
-0.0
-0.0
-0.0
-0.0
-0.0
-0.0
-0.0
-0.0
-12.5400263174
-14.0560232257
-13.8098014887
-15.07957666
-17.2075866019
-18.0834127523
-11.7554513825
-11.5725509357
-11.0848100129
-11.1739281548
-3.9996539675
-3.78485678836
-3.68074038751
-3.55598650526
-0.0
-0.0
-0.0
-0.0
-0.0
-0.0
-0.0
-0.0
-0.0
-0.0
-0.0
-0.0
-0.0
-0.0
-0.0
-6.68347877006
-8.67784029012
-8.19245064284
-7.70351968668
-8.63211997694
-8.46328879528
-5.69610871814
-5.32560527344
-5.74299987058
-6.18853299799
-1.86948661039
-1.84791245757
-2.0420721553
-0.0
-0.0
-0.0
-0.0
-0.0
-0.0
-0.0
-0.0
-0.0
-0.0
-0.0
-0.0
-0.0
-0.0
-0.0
-4.15803608069
-3.86963533944
-6.70112773227
-7.23577900161
-6.55340044831
-5.9167422082
-7.5453124317
-5.00441143603
-5.45698879305
-5.02082237968
-1.87794736356
-1.58623564245
-1.69785309215
-0.0
-0.0
-0.0
-0.0
-0.0
-0.0
-0.0
-0.0
-0.0
-0.0
-0.0
-0.0
-0.0
-0.0
-0.0
-0.0
-2.21644870047
-3.34555041452
-5.07964012655
-3.81320725629
-3.44270381159
-3.5575996112
-1.05066689579
-1.38740026534
-1.42397651588
-0.0
-0.0
-0.0
-0.0
-0.0
-0.0
-0.0
-0.0
-0.0
-0.0
-0.0
-0.0
-0.0
-0.0
-0.0
-9.62760206034
-10.253693956
-11.8752103529
-11.4777488142
-12.969129307
-8.21930569944
-8.19819220469
-7.93555952408
-7.33056192904
-2.32160714816
-2.25782136111
-2.18185116818
-0.0
-0.0
-0.0
-0.0
-0.0
-0.0
-0.0
-0.0
-0.0
-0.0
-0.0
-0.0
-0.0
-0.0
-1.98427703456
-3.03247567554
-3.02193812225
-6.30366619359
-6.43734340649
-5.06539104769
-5.10761803719
-5.63052252581
-1.513090819
-1.5140274904
-1.6247082687
-0.0
-0.0
-0.0
-0.0
-0.0
-0.0
-0.0
-0.0
-0.0
-0.0
-0.0
-0.0
-0.0
-0.0
-0.0
-0.0
-4.68566231451
-7.46089684087
-8.42467989101
-9.51505753628
-10.4190126199
-6.58723255522
-5.36787065112
-5.48744980775
-4.92700168664
-1.33486221277
-1.21760937938
-0.924960986864
-0.0
-0.0
-0.0
-0.0
-0.0
-0.0
-0.0
-0.0
-0.0
-0.0
-0.0
-0.0
-0.0
-0.0
-0.0
-0.0
-4.40074529989
-7.56287502051
-8.67438535461
-9.65573099358
-9.87031127954
-10.4823243131
-7.23207707308
-7.77375337794
-7.67761020048
-7.80891694375
-2.3994506839
-2.24186723672
-0.0
-0.0
-0.0
-0.0
-0.0
-0.0
-0.0
-0.0
-0.0
-0.0
-0.0
-0.0
-0.0
-0.0
-0.0
-4.87910991164
-6.36343657782
-7.26742045261
-11.0380794801
-11.7134329979
-12.4380193466
-8.44677481425
-7.28603164921
-5.91893286411
-2.57579826969
-2.94536120417
-3.18642357078
-0.0
-0.0
-0.0
-0.0
-0.0
-0.0
-0.0
-0.0
-0.0
-0.0
-0.0
-0.0
-0.0
-0.0
-0.0
-9.56777409385
-10.9817640314
-10.890323405
-10.9923015847
-11.4143795388
-7.61194723181
-8.27556356591
-8.39280104403
-2.59642807347
-2.83279940543
-2.50169374193
-2.70898219458
-0.0
-0.0
-0.0
-0.0
-0.0
-0.0
-0.0
-0.0
-0.0
-0.0
-0.0
0.0
0.0
0.0
0.0
0.0
-1.5515803734
-1.39682805392
-2.84248823358
-3.69369796854
-4.63283581208
-5.51922830693
-7.15833608372
-4.71126363824
-5.38660755897
-5.45697307874
-4.88013320807
-2.37695660686
-2.31879852586
-2.57955402485
-0.0
-0.0
-0.0
-0.0
-0.0
-0.0
-0.0
-0.0
-0.0
-0.0
-0.0
-0.0
-0.0
-0.0
-0.0
-0.0
-0.0
-0.0
-14.3303215333
-13.9152686147
-14.0770459697
-13.7253047442
-15.5262186671
-14.3725005376
-10.3179713633
-10.6790888999
-10.8010289291
-3.9311555048
-4.02588983634
-3.52219862794
-0.0
-0.0
-0.0
-0.0
-0.0
-0.0
-0.0
-0.0
-0.0
-0.0
-0.0
-0.0
-0.0
-0.0
-10.4963220215
-10.1762510381
-10.995790531
-13.6302940178
-13.4403589384
-14.7101341098
-9.72938471195
-9.88650750107
-10.4117728623
-10.334382307
-3.99774362843
-3.81014830816
-4.00431568352
-3.83266681002
-0.0
-0.0
-0.0
-0.0
-0.0
-0.0
-0.0
-0.0
-0.0
-0.0
-0.0
-0.0
-0.0
-0.0
-0.0
-0.0
-0.0
-0.0
-10.848063247
-10.5807376124
-11.3932520697
-13.0006896043
-13.5916275313
-13.0780801596
-9.38703899162
-9.38001395609
-8.90165894139
-8.59681846536
-3.45467383291
-3.47906567757
-3.46687359406
-0.0
-0.0
-0.0
-0.0
-0.0
-0.0
-0.0
-0.0
-0.0
-0.0
-0.0
-0.0
-0.0
-0.0
-0.0
-0.0
-0.0
-0.0
-10.8586295914
-12.3464687754
-12.4308843662
-12.9198153224
-12.2339242513
-12.6489771699
-13.3313557232
-8.73985279525
-9.24870721283
-9.6450075093
-8.85945114597
-3.80266261457
-3.65352456528
-0.0
-0.0
-0.0
-0.0
-0.0
-0.0
-0.0
-0.0
-0.0
-0.0
-0.0
-0.0
-0.0
-0.0
-0.0
-0.0
-0.0
-10.3451110109
-10.6440780966
-11.6254237356
-11.9349283745
-12.2409492868
-12.385164053
-8.88755128808
-9.11734288731
-9.45032189361
-8.70463164719
-2.37879923913
-2.45196709548
-2.46040481575
-2.14242790717
-0.0
-0.0
-0.0
-0.0
-0.0
-0.0
-0.0
-0.0
-0.0
-0.0
0.0
-0.0
-0.0
0.0
-0.0
-0.0
-5.27817521881
-6.33691141307
-7.63130299989
-9.60456062223
-7.21673530842
-7.47936798903
-7.75372825627
-6.93769168416
-2.71129088662
-2.86230227871
-0.0
-0.0
-0.0
-0.0
-0.0
-0.0
-0.0
-0.0
-0.0
-0.0
-0.0
-0.0
-0.0
-0.0
-0.0
-0.0
-0.0
-12.988209291
-11.7712082594
-11.7325129818
-11.5636818001
-11.2259906457
-12.038505103
-7.93186856971
-8.25546166789
-7.99987321689
-2.80506551385
-3.02923708466
-3.30593903041
-3.15210994647
-0.0
-0.0
-0.0
-0.0
-0.0
-0.0
-0.0
-0.0
-0.0
0.0
-0.0
-0.0
-0.0
-0.0
-0.0
-0.0
-0.0
-5.77410241937
-5.36259080964
-5.69322813743
-5.6404539976
-6.49871755921
-7.10721807496
-4.76862559209
-5.46506381348
-5.1414707153
-2.0340774619
-2.30327068115
-2.32765484818
-2.08003578175
-0.0
-0.0
-0.0
-0.0
-0.0
-0.0
-0.0
-0.0
-0.0
-0.0
-0.0
-0.0
-0.0
-0.0
-0.0
-5.10931524602
-6.72380660733
-6.55146290791
-7.36397736522
-8.58097839672
-8.61261984772
-5.18365931663
-5.32201028951
-5.65030593879
-5.79334026868
-2.02844207821
-1.87180298006
-1.81927260512
-1.77425095668
-0.0
-0.0
-0.0
-0.0
-0.0
-0.0
-0.0
-0.0
-0.0
-0.0
-0.0
-0.0
-0.0
-0.0
-4.59579666551
-4.59930918327
-7.03685255518
-7.4308015761
-9.14729990819
-9.51663251364
-7.52391746296
-8.22974159247
-8.39388941711
-2.93640680646
-2.63719403649
-2.6897167338
-0.0
-0.0
-0.0
-0.0
-0.0
-0.0
0.0
-0.0
-0.0
-0.0
-0.0
-0.0
-0.0
-0.0
-8.83071265145
-8.1096388205
-7.88100846348
-7.51870089356
-9.50603737809
-10.0442011652
-10.8145078271
-7.04084070306
-6.96815269886
-7.30347338367
-2.5105591338
-2.65687949123
-3.10053927584
-3.32190083244
-0.0
-0.0
-0.0
-0.0
-0.0
-0.0
-0.0
-0.0
-0.0
-0.0
-0.0
-0.0
-0.0
-0.0
-0.0
-0.0
-0.0
-11.6270798666
-11.1452027371
-10.9447301045
-11.2436971901
-12.7878230317
-9.59684037757
-9.78210169696
-9.5757460769
-9.21931189734
-3.91846838484
-3.59580811924
-0.0
-0.0
-0.0
-0.0
-0.0
-0.0
-0.0
-0.0
-0.0
-0.0
-0.0
-0.0
-0.0
-0.0
-0.0
-0.0
-0.0
-12.4958521904
-12.3270210088
-13.2591338168
-15.052993913
-15.29921565
-15.3801187231
-16.6604602388
-10.8748210207
-10.1127198307
-9.80551848205
-3.7974611882
-3.93721716818
-4.19984600997
-0.0
-0.0
-0.0
-0.0
-0.0
-0.0
-0.0
-0.0
-0.0
-0.0
-0.0
-0.0
-0.0
-0.0
-0.0
-0.0
-0.0
-12.3234796999
-11.9823048188
-11.5391229669
-11.9541758855
-10.8285866893
-11.8451150881
-8.96134337966
-9.50536136304
-9.39985147155
-2.79007877139
-2.81446293842
-2.55370743943
-0.0
-0.0
-0.0
-0.0
-0.0
-0.0
-0.0
-0.0
-0.0
-0.0
-0.0
-0.0
-0.0
-0.0
-0.0
-0.0
-0.0
-0.0
-11.9999249899
-13.6038500068
-13.7761937062
-14.2756622156
-14.7083065142
-15.2077750237
-9.98141308741
-10.0986697596
-10.1221249329
-4.04791330175
-3.83498946541
-3.96818106793
-0.0
-0.0
-0.0
-0.0
-0.0
-0.0
-0.0
-0.0
-0.0
-0.0
-0.0
-0.0
-0.0
-0.0
-0.0
-0.0
-8.16589668697
-8.6899816119
-9.34423123196
-8.79198858267
-9.21055401906
-10.9657476288
-7.20496933362
-7.7912143065
-6.982221964
-3.09022053513
-3.47572223874
-3.34065729341
-0.0
-0.0
-0.0
-0.0
-0.0
-0.0
-0.0
-0.0
-0.0
-0.0
-0.0
-0.0
-0.0
-0.0
-0.0
-0.0
-7.34281588525
-7.06846521505
-5.84792287465
-5.77053231935
-6.23130555115
-4.03228286562
-4.82488345856
-5.22350623945
-5.30558015177
-1.31932808233
-1.1148496439
-0.0
-0.0
-0.0
-0.0
-0.0
-0.0
-0.0
-0.0
-0.0
-0.0
-0.0
-0.0
-0.0
-0.0
-0.0
-5.98856754082
-6.07301192278
-7.47646430702
-10.4451464305
-12.1545909359
-12.0104049609
-8.58379570535
-8.91209135463
-8.62834517927
-7.67161595578
-2.74598611672
-3.01894137685
-3.06584404574
-0.0
-0.0
-0.0
-0.0
-0.0
-0.0
-0.0
-0.0
-0.0
-0.0
-0.0
-0.0
-0.0
-0.0
-0.0
-5.51028930246
-7.39913133398
-8.02522322967
-7.80713042594
-8.06740223396
-9.10854704828
-9.69243114857
-7.23544954241
-7.30111251108
-6.79694145052
-2.1634993459
-2.40080734927
-2.35672237223
-0.0
-0.0
-0.0
-0.0
-0.0
-0.0
-0.0
-0.0
-0.0
-0.0
-0.0
-0.0
-0.0
-0.0
-0.0
-6.79060202709
-7.64181176205
-9.81908332594
-10.6738055787
-10.849690587
-6.93062826047
-7.37616138788
-6.77586634394
-2.29576195466
-2.0781547613
-2.10535662018
-0.0
-0.0
-0.0
-0.0
-0.0
-0.0
-0.0
-0.0
-0.0
-0.0
-0.0
-0.0
-0.0
-0.0
-0.0
-0.0
-10.388888564
-11.3737755119
-11.8838103658
-12.5943178523
-13.9555624411
-14.4409520884
-15.5700250113
-15.4363765895
-10.8607517556
-10.9803501063
-10.2440265739
-3.35661141781
-3.04051552967
-2.84354581773
-0.0
-0.0
-0.0
-0.0
-0.0
-0.0
-0.0
-0.0
-0.0
-0.0
-0.0
-0.0
-0.0
-0.0
-0.0
-0.0
-0.0
-0.0
-13.1606393638
-14.4022856019
-13.8113764661
-14.4269020173
-14.6555323744
-13.6530828377
-13.8817131947
-9.09266931701
-9.10439690364
-9.33889105397
-9.50067800602
-2.90732392715
-2.64750509957
-2.58560033296
-0.0
-0.0
-0.0
-0.0
-0.0
-0.0
-0.0
-0.0
-0.0
0.0
-0.0
-0.0
-0.0
-0.0
-0.0
-4.08905008633
-4.72922084421
-7.23007590924
-7.21953835595
-7.67328655223
-8.49987987172
-6.08868372938
-6.56471625966
-6.79921041
-2.49551259319
-2.92885363708
-2.618385455
-2.73563061076
-0.0
-0.0
-0.0
-0.0
-0.0
-0.0
-0.0
-0.0
-0.0
-0.0
-0.0
-0.0
-0.0
-0.0
-0.0
-0.0
-12.6749966823
-11.3595011978
-13.0126878367
-12.9986089746
-13.775940672
-15.0422033256
-10.0445656881
-10.6683159053
-10.4080249032
-10.1453922226
-3.64826334076
-3.53945590527
-3.54508361133
-0.0
-0.0
-0.0
-0.0
-0.0
-0.0
-0.0
-0.0
-0.0
-0.0
-0.0
-0.0
-0.0
-0.0
-0.0
-7.34964546883
-8.84453847943
-12.0946250998
-12.6890755445
-12.9317847637
-13.1252611519
-13.8533600184
-10.0539707903
-9.96251096987
-9.21447904494
-4.04691683219
-4.1172669967
-3.9052875094
-0.0
-0.0
-0.0
-0.0
-0.0
-0.0
-0.0
-0.0
-0.0
-0.0
-0.0
-0.0
-0.0
-0.0
-0.0
-0.0
-0.0
-7.56773827256
-8.26065437915
-8.1093857863
-8.27119193244
-9.04149859433
-7.30800724531
-6.86013243939
-7.84970274427
-7.42760559603
-3.4118920088
-3.69422166061
-0.0
-0.0
-0.0
-0.0
-0.0
-0.0
-0.0
-0.0
-0.0
-0.0
-0.0
-0.0
-0.0
-0.0
-0.0
-0.0
-0.0
-9.92443615367
-9.58677379035
-8.56673287373
-8.73907657315
-6.77575523674
-6.9868134079
-6.97274414276
-2.82474491388
-3.11832997779
-3.04891648469
-0.0
-0.0
-0.0
-0.0
-0.0
-0.0
-0.0
-0.0
-0.0
-0.0
-0.0
-0.0
-0.0
-0.0
-0.0
-0.0
-0.0
-9.55510354822
-9.85055811612
-11.2434441559
-12.0242883711
-12.8825519327
-14.4056026677
-10.2650097674
-10.2439154667
-10.3400586442
-3.2918521941
-3.35093926887
-3.37063240124
-0.0
-0.0
-0.0
-0.0
-0.0
-0.0
-0.0
-0.0
-0.0
-0.0
-0.0
-0.0
-0.0
-0.0
-0.0
-0.0
-2.72426418861
-5.68589248545
-6.32255072556
-7.38128691983
-7.14560273616
-6.95918017455
-5.54458896966
-5.20692660634
-5.08968912821
-4.46359723251
-1.61097232766
-1.34270810217
-1.46370762118
-0.0
-0.0
-0.0
-0.0
-0.0
-0.0
-0.0
-0.0
-0.0
-0.0
-0.0
-0.0
-0.0
-0.0
-0.0
-3.7268288898
-4.81723532619
-6.59704535141
-7.36383949553
-8.43314203422
-6.06528613838
-6.34667144115
-5.65023321976
-2.70843642952
-2.88758635189
-0.0
-0.0
-0.0
-0.0
-0.0
-0.0
-0.0
-0.0
-0.0
-0.0
-0.0
-0.0
-0.0
-0.0
-0.0
-0.0
-0.0
-14.0608864777
-13.7724857365
-13.290608607
0.0
-9.07612807207
-9.25668684036
-3.16990064842
-3.16146292816
-3.086421729
-0.0
-0.0
-0.0
-0.0
-0.0
-0.0
-0.0
-0.0
-0.0
-0.0
-0.0
-0.0
-0.0
-0.0
-0.0
-0.0
-3.38205511756
-5.90404287143
-6.37184113876
-6.8853885104
-7.23007590924
-4.19395871046
-4.10954311963
-4.15175091505
-1.1354350048
-1.2630065789
-1.48061377225
-1.41495464239
-0.0
-0.0
-0.0
-0.0
-0.0
-0.0
-0.0
-0.0
-0.0
-0.0
-0.0
-0.0
-0.0
-0.0
-0.0
-0.0
-0.0
-11.0605341121
-11.0851793187
-11.3665838156
-10.3816968677
-11.5740814837
-7.95759270244
-7.33384248525
-7.13217022221
-7.45812419299
-5.95737698612
-2.41671703078
-2.26101460404
-0.0
-0.0
-0.0
-0.0
-0.0
-0.0
-0.0
-0.0
-0.0
-0.0
-0.0
-0.0
-0.0
-0.0
-0.0
-0.0
-0.0
-9.15764200954
-9.43904650639
-9.87169080496
-10.2902562413
-10.427445972
-10.8811941683
-10.7475169554
-11.3525337445
-7.5402172994
-7.79348326597
-6.81095719071
-2.08750006536
-2.15972357268
-2.17660669084
-0.0
-0.0
-0.0
-0.0
-0.0
-0.0
-0.0
-0.0
-0.0
-0.0
-0.0
-0.0
-0.0
-0.0
-0.0
-0.0
-8.17629637058
-10.6244060869
-10.9445058614
-11.6796297634
-11.1168495608
-7.35963933702
-7.47923768774
-7.36902524514
-2.8322382851
-3.04046340915
-2.94010137156
-2.55740968216
-0.0
-0.0
-0.0
-0.0
-0.0
-0.0
-0.0
-0.0
-0.0
-0.0
-0.0
-0.0
-0.0
-0.0
-0.0
-0.0
-0.0
-9.23503256484
-10.6736389178
-11.2997308135
-10.9268856903
-10.5716319471
-11.0218676256
-7.42528311161
-7.44637741227
-7.18608641017
-2.03870102076
-1.98898833767
-0.0
-0.0
-0.0
-0.0
-0.0
-0.0
-0.0
-0.0
-0.0
-0.0
-0.0
-0.0
-0.0
-0.0
-0.0
-3.25894424908
-2.89666547029
-3.7619252763
-7.02960327659
-8.14813864621
-8.89382889263
-6.00895149557
-6.10039212192
-5.95265524093
-6.1285306522
-1.69165658814
-1.83798462321
-2.07810264079
-0.0
-0.0
-0.0
-0.0
-0.0
-0.0
-0.0
-0.0
-0.0
-0.0
-0.0
-0.0
-0.0
-0.0
-0.0
-2.54846555368
-2.65398504222
-4.87346440153
-4.0855663597
-2.8087373617
-2.53435790037
-2.60643504017
-2.7635386352
-2.62518766232
-2.61111839719
-1.40650156686
-1.65694600277
-1.60254228502
-0.0
-0.0
-0.0
-0.0
-0.0
-0.0
-0.0
-0.0
-0.0
-0.0
-0.0
-0.0
-0.0
-0.0
-0.0
-0.0
-14.0292162356
-13.5156976551
-12.6293051602
-12.2212772771
-11.8413783273
-7.3854169947
-7.92475162106
-7.62227201763
-7.08527906978
-2.73750395357
-2.99732278115
-2.95605549596
-0.0
-0.0
-0.0
-0.0
-0.0
-0.0
-0.0
-0.0
-0.0
-0.0
-0.0
-0.0
-0.0
-0.0
-0.0
-0.0
-12.2213060683
-12.6363589869
-11.5741102749
-10.6314599136
-9.43202147087
-10.100321162
-7.28695133282
-7.96932028907
-7.44171324934
-2.46267535063
-2.43922017737
-2.42890143666
-0.0
-0.0
-0.0
-0.0
-0.0
-0.0
-0.0
-0.0
-0.0
-0.0
-0.0
-0.0
-0.0
-0.0
-7.44816871297
-7.95820356685
-8.24663309923
-10.8811653772
-11.1168495608
-10.5962771537
-7.14391700293
-7.22130755823
-6.94694729099
-6.52721101535
-2.47300176897
-2.4570553222
-0.0
-0.0
-0.0
-0.0
-0.0
-0.0
-0.0
-0.0
-0.0
-0.0
-0.0
-0.0
-0.0
-0.0
-0.0
-0.0
-7.38494339324
-9.04515506774
-11.2716594626
-11.8485185273
-11.658583448
-12.2741089992
-8.10769045603
-8.72909899471
-3.59106496407
-3.64734202463
-3.51602376491
-3.56291875616
-0.0
-0.0
-0.0
-0.0
-0.0
-0.0
-0.0
-0.0
-0.0
-0.0
-0.0
-0.0
-0.0
-0.0
-0.0
-0.0
-0.0
-11.1624835006
-12.4146960832
-11.419271582
-11.9152275737
-12.9669099413
-9.27071771732
-8.98228818495
-9.24962341666
-8.85334231428
-2.68215588678
-2.84442269098
-2.80409207719
-0.0
-0.0
-0.0
-0.0
-0.0
-0.0
-0.0
-0.0
-0.0
-0.0
-0.0
-0.0
-0.0
-0.0
-0.0
-0.0
-6.75179767089
-10.772162162
-10.9128644104
-11.0605916944
-11.3489924356
-11.0253801433
-11.0816668009
-7.94118175879
-8.13346811371
-7.6152469821
-2.27977106501
-2.15033382574
-0.0
-0.0
-0.0
-0.0
-0.0
-0.0
-0.0
-0.0
-0.0
-0.0
-0.0
-0.0
-0.0
-0.0
-0.0
-0.0
-5.79146955624
-6.9697753101
-10.6595312645
-11.4544543419
-11.7886041875
-7.68555491962
-7.37837276509
-7.07117141647
-2.60992470183
-2.97010556701
-3.21023126222
-0.0
-0.0
-0.0
-0.0
-0.0
-0.0
-0.0
-0.0
-0.0
-0.0
-0.0
-0.0
-0.0
-0.0
-0.0
-0.0
-10.6595600557
-12.207198415
-12.1614781018
-12.0066969912
-12.5519146049
-9.07142552097
-9.64828458572
-9.59905175478
-3.25807828014
-3.20180121958
-2.91478053313
-0.0
-0.0
-0.0
-0.0
-0.0
-0.0
-0.0
-0.0
-0.0
-0.0
-0.0
-0.0
-0.0
-0.0
-0.0
-6.21711761041
-7.37786077545
-10.5012952184
-10.6384849491
-11.7394289388
-12.0560161955
-8.15928415957
-8.23197216377
-2.47769280362
-2.6774802074
-2.72156518444
-2.51802341741
-0.0
-0.0
-0.0
-0.0
-0.0
-0.0
-0.0
-0.0
-0.0
-0.0
-0.0
-0.0
-0.0
-0.0
-0.0
-0.0
-12.6364165692
-13.0197992457
-13.3926443689
-14.5463624984
-14.2051876173
-13.3750817801
-8.93547380886
-9.30127470245
-9.93204995517
-9.68582821821
-3.16522496904
-3.18679144423
-2.84724038283
-2.87725993355
-0.0
-0.0
-0.0
-0.0
-0.0
-0.0
-0.0
-0.0
-0.0
-0.0
-0.0
-0.0
0.0
-0.0
-0.0
-5.89063730457
-7.89556516904
-8.60258892893
-10.0376827642
-10.220592808
-9.74925323179
-6.99897066398
-7.56644382062
-6.61675882674
-2.19366167679
-2.22836458453
-2.28183163087
-0.0
-0.0
-0.0
-0.0
-0.0
-0.0
-0.0
-0.0
-0.0
-0.0
-0.0
-0.0
-0.0
-0.0
-0.0
-0.0
-5.92224996444
-7.41011793951
-8.03623862634
-8.39851740513
-9.48541132376
-6.48775537381
-6.91687755758
-2.56509027644
-2.67389771193
-2.9712371391
-0.0
-0.0
-0.0
-0.0
-0.0
-0.0
-0.0
-0.0
-0.0
-0.0
-0.0
-0.0
-0.0
-0.0
-0.0
-0.0
-0.0
-10.9239888856
-12.0108540131
-11.5958010945
-11.5852635412
-12.1164022928
-7.3272279251
-7.18183272261
-6.62140379559
-5.84757501889
-1.66368992565
-1.59614977535
-0.0
-0.0
-0.0
-0.0
-0.0
-0.0
-0.0
-0.0
-0.0
-0.0
-0.0
-0.0
-0.0
-0.0
-0.0
-3.37219085959
-4.18119279913
-4.98316970315
-8.27195160114
-8.89807228797
-9.54175556361
-7.11622733619
-8.0776399167
-7.96742747411
-2.78833285348
-2.88682154827
-3.14382268401
-0.0
-0.0
-0.0
-0.0
-0.0
-0.0
-0.0
-0.0
-0.0
-0.0
-0.0
-0.0
-0.0
-0.0
-0.0
-5.54943363236
-6.09110993722
-8.48998682261
-8.20861111689
-7.49810363036
-7.93426044669
-7.99403083092
-5.18631955739
-4.89789002501
-5.12535913982
-1.63649574441
-1.65619655442
-0.0
-0.0
-0.0
-0.0
-0.0
-0.0
-0.0
-0.0
-0.0
-0.0
-0.0
-0.0
-0.0
-0.0
-0.0
-5.31374944868
-5.47555559481
-5.77452268048
-8.18747842805
-8.94370622776
-8.52162827361
-9.16885285814
-7.09743632587
-6.53698820476
-6.46195852205
-1.78469712229
-1.7453031799
-0.0
-0.0
-0.0
-0.0
-0.0
-0.0
-0.0
-0.0
-0.0
-0.0
-0.0
-0.0
-0.0
-0.0
-0.0
-0.0
-9.07392850515
-9.88995548022
-13.1857624137
-14.2972439567
-15.4403957418
-16.073512673
-17.1814816982
-11.7662058378
-11.0744509734
-10.7602437834
-3.65126825566
-3.39238609948
-3.05565272993
-2.97967485936
-0.0
-0.0
-0.0
-0.0
-0.0
-0.0
-0.0
-0.0
-0.0
-0.0
-0.0
-0.0
-0.0
-0.0
-0.0
-6.95648490775
-9.96034979113
-10.5794166513
-11.8140090628
-12.2958861923
-7.98619929035
-7.58521563686
-7.80798220057
-7.39292928194
-2.4778646714
-2.54539714407
-0.0
-0.0
-0.0
-0.0
-0.0
-0.0
-0.0
-0.0
-0.0
-0.0
-0.0
-0.0
-0.0
-0.0
-0.0
-0.0
-6.82983273037
-7.44184576389
-10.1291521817
-11.2547125868
-10.9381253301
-7.54064696885
-7.49609749493
-6.71758536122
-2.07172548638
-2.14113130185
-1.94415391228
-0.0
-0.0
-0.0
-0.0
-0.0
-0.0
-0.0
-0.0
-0.0
-0.0
-0.0
-0.0
-0.0
-0.0
-0.0
-0.0
-0.0
-11.2757589023
-11.1561893427
-11.1667556871
-11.1316017183
-12.0144529043
-12.5948244868
-13.0626515453
-8.19487739483
-8.17612477267
-8.73423121527
-8.44109913179
-3.04064295457
-2.97592817375
-2.89150490529
-0.0
-0.0
-0.0
-0.0
-0.0
-0.0
-0.0
-0.0
-0.0
-0.0
-0.0
-0.0
-0.0
-0.0
-0.0
-0.0
-0.0
-0.0
-9.59435695667
-10.4069002051
-11.2475723868
-11.732962034
-12.454035865
-12.2816921656
-8.7646538418
-8.96866778335
-3.5424454649
-3.5612096035
-3.63343311082
-0.0
-0.0
-0.0
-0.0
-0.0
-0.0
-0.0
-0.0
-0.0
-0.0
-0.0
-0.0
-0.0
-0.0
-0.0
-0.0
-0.0
-8.77496141949
-8.72218727965
-9.52062287478
-10.2451804324
-10.1572523238
-7.78684951173
-8.0002493614
-8.05418474344
-7.72824996675
-3.32203593497
-3.47868271075
-0.0
-0.0
-0.0
-0.0
-0.0
-0.0
-0.0
-0.0
-0.0
-0.0
-0.0
-0.0
-0.0
-0.0
-0.0
-0.0
-0.0
-0.0
-0.0
-12.9606157834
-12.5490753825
-12.0073990776
-11.5571633991
-12.9711821278
-13.2244289003
-12.8656626392
-8.98511711517
-9.069532706
-8.51847049301
-8.22535760361
-3.49180378803
-3.89044192419
-0.0
-0.0
-0.0
-0.0
-0.0
-0.0
-0.0
-0.0
-0.0
-0.0
-0.0
-0.0
-0.0
-0.0
-0.0
-0.0
-0.0
-8.91212235902
-8.36693353639
-7.25896451118
-8.01519231089
-6.0492856701
-6.96380709818
-6.56750680171
-2.67202436913
-2.70953729107
-2.88963156248
-3.10442106399
-0.0
-0.0
-0.0
-0.0
-0.0
-0.0
-0.0
-0.0
-0.0
-0.0
-0.0
-0.0
-0.0
-0.0
-0.0
-0.0
-14.5856159068
-15.1308335206
-14.4976877982
-13.6429655455
-13.1751672782
-13.3334609066
-8.54426734478
-8.91008743246
-2.71423600336
-2.6476402021
-2.86712841589
-0.0
-0.0
-0.0
-0.0
-0.0
-0.0
-0.0
-0.0
-0.0
-0.0
-0.0
-0.0
-0.0
-0.0
-0.0
-9.98844993323
-10.2839045011
-12.3380651965
-12.4259933051
-11.7365897163
-12.1657214971
-12.5174627226
-8.47159853466
-8.95699777898
-8.29572312339
-2.82303576122
-2.7001628994
-2.51819528519
-0.0
-0.0
-0.0
-0.0
-0.0
-0.0
-0.0
-0.0
-0.0
-0.0
-0.0
-0.0
-0.0
-0.0
-2.33455856303
-1.70846666733
-3.30185413094
-5.70775605186
-6.47806271374
-4.45940112721
-4.52272241738
-5.07610711479
-2.10735738788
-1.88505915988
-2.05296134777
-0.0
-0.0
-0.0
-0.0
-0.0
-0.0
-0.0
-0.0
-0.0
-0.0
-0.0
-0.0
-0.0
-0.0
-0.0
-0.0
-0.0
-0.0
-0.0
-0.0
-0.0
-9.89695172462
-10.217022708
-11.5641884346
-12.5877706601
-13.2701492134
-8.2605403635
-7.87596765366
-7.68602297725
-2.7329847867
-2.55946257039
-0.0
-0.0
-0.0
-0.0
-0.0
-0.0
-0.0
-0.0
-0.0
-0.0
-0.0
-0.0
-0.0
-0.0
-0.0
-0.0
-0.0
-0.0
-13.4565429839
-14.3499605143
-14.1037387773
-14.5047128338
-14.9901312722
-15.7358215186
-10.3709685224
-11.1705941509
-11.3183310319
-10.9572134953
-4.19247238601
-3.70003658972
-0.0
-0.0
-0.0
-0.0
-0.0
-0.0
-0.0
-0.0
-0.0
-0.0
-0.0
-0.0
-0.0
-0.0
-0.0
-0.0
-0.0
-5.4614479415
-5.42980649051
-6.94580339881
-7.97641065985
-8.24022377676
-9.32357638649
-6.21807846359
-6.30483573293
-6.05158896044
-6.22980605022
-2.09703864718
-1.95446497535
-2.11673177955
-0.0
-0.0
-0.0
-0.0
-0.0
-0.0
-0.0
-0.0
-0.0
-0.0
-0.0
-0.0
-0.0
-0.0
-7.48756607707
-7.69860505415
-8.31064687879
-9.96383351776
-10.2030302192
-9.78095226505
-6.74105972856
-7.7165607683
-2.98344457788
-3.26577422969
-3.18323198166
-3.19073303053
-0.0
-0.0
-0.0
-0.0
-0.0
-0.0
-0.0
-0.0
-0.0
-0.0
-0.0
-0.0
-0.0
-0.0
-0.0
-0.0
-0.0
-0.0
-6.13691662379
-6.22484473238
-6.57658595788
-8.54278975357
-8.50760699369
-5.50995104374
-5.46305989131
-2.03608590724
-2.15708542625
-2.2124258154
-2.28934035737
-0.0
-0.0
-0.0
-0.0
-0.0
-0.0
-0.0
-0.0
-0.0
-0.0
-0.0
-0.0
-0.0
-0.0
-0.0
-0.0
-0.0
-12.3274988521
-12.2536208146
-13.3475109776
-14.4730713828
-15.7534128985
-11.036926535
-11.5786028399
-11.2221686603
-4.12024887869
-4.36224023907
-4.31721859063
-0.0
-0.0
-0.0
-0.0
-0.0
-0.0
-0.0
-0.0
-0.0
-0.0
-0.0
-0.0
-0.0
-0.0
-0.0
-9.08089595842
-9.97431348879
-10.7727490839
-9.63310981658
-9.25323965785
-9.58387698564
-6.59794862233
-6.70111683531
-2.43000997585
-2.8183293713
-2.80144625313
-0.0
-0.0
-0.0
-0.0
-0.0
-0.0
-0.0
-0.0
-0.0
-0.0
-0.0
-0.0
-0.0
-0.0
-0.0
-0.0
-12.672186251
-14.406275963
-13.9349651779
-14.406275963
-14.3464767877
-15.0780881719
-9.46347212987
-9.81286207982
-3.89043424656
-4.11648683781
-4.18026494723
-0.0
-0.0
-0.0
-0.0
-0.0
-0.0
-0.0
-0.0
-0.0
-0.0
-0.0
-0.0
-0.0
-0.0
-0.0
-0.0
-0.0
-10.2839620834
-10.241754288
-11.0929640229
-11.5783536702
-12.7637132507
-13.1084294407
-14.1777031883
-10.1927898208
-10.4882443887
-3.62688408863
-3.85669104313
-4.04897739805
-0.0
-0.0
-0.0
-0.0
-0.0
-0.0
-0.0
-0.0
-0.0
-0.0
-0.0
-0.0
-0.0
-0.0
-0.0
-0.0
-1.30749261089
-4.64901985759
-4.33594511861
-4.65250358422
-4.53293402463
-5.60926159884
-4.73610307296
-5.26136843418
-5.95546497707
-2.24524002506
-2.40657015785
-2.34841207686
-2.27806191235
-0.0
-0.0
-0.0
-0.0
-0.0
-0.0
-0.0
-0.0
-0.0
-0.0
-0.0
-0.0
-0.0
-0.0
-0.0
-0.0
-12.0882733596
-11.982753871
-12.1445600172
-11.3144541799
-10.1115320106
-9.74925323179
-5.94139571193
-6.34472104392
-5.85463844259
-1.70121820286
-1.7884438079
-1.78375277325
-0.0
-0.0
-0.0
-0.0
-0.0
-0.0
-0.0
-0.0
-0.0
-0.0
0.0
-0.0
-0.0
-0.0
-0.0
-3.12062235039
-4.58384511886
-7.2957679521
-7.56309358677
-7.53145213577
-8.34396659308
-7.24302260339
-5.13822476273
-6.00117168135
-6.07856223666
-2.62652126379
-2.89853985252
-2.93887814395
-3.07300641787
-0.0
-0.0
-0.0
-0.0
-0.0
-0.0
-0.0
-0.0
-0.0
-0.0
-0.0
-0.0
-0.0
-0.0
-0.0
-0.0
-0.0
-9.57162034239
-9.46607206272
-10.4122637329
-11.1052086306
-10.7358760252
-7.19945847888
-7.41283913446
-7.47379955203
-2.35826471594
-2.51678483453
-2.71469889551
-0.0
-0.0
-0.0
-0.0
-0.0
-0.0
-0.0
-0.0
-0.0
-0.0
-0.0
-0.0
-0.0
-0.0
-0.0
-0.0
-0.0
-0.0
-12.1603459338
-12.5191121948
-12.5437286103
-12.3643310842
-12.5050333326
-11.5518166269
-12.5753700613
-7.70121108458
-7.32132173176
-2.33479418742
-2.41358207219
-2.2635073515
-0.0
-0.0
-0.0
-0.0
-0.0
-0.0
-0.0
-0.0
-0.0
-0.0
-0.0
0.0
-0.0
-0.0
-8.39679831517
-8.6465325699
-8.89272551573
-9.87761246359
-12.8111118272
-13.1628530527
-8.76584946034
-8.97218588631
-7.77627915546
-3.01484065925
-3.34031861669
-3.08424647472
-0.0
-0.0
-0.0
-0.0
-0.0
-0.0
-0.0
-0.0
-0.0
-0.0
-0.0
-0.0
-0.0
-0.0
-6.15621505815
-6.81748971374
-9.38519778079
-9.30429470772
-8.7766684739
-9.11787214612
-5.73387483781
-6.0973340529
-1.75702916179
-1.99340049375
-1.68574232588
-0.0
-0.0
-0.0
-0.0
-0.0
-0.0
-0.0
-0.0
-0.0
-0.0
-0.0
-0.0
-0.0
-0.0
-5.10099138165
-6.16324009368
-6.61698828995
-10.4228012862
-9.9972108143
-7.62623898413
-7.45740780247
-7.55355097993
-3.37972791434
-3.2230888162
-3.45945247052
-0.0
-0.0
-0.0
-0.0
-0.0
-0.0
-0.0
-0.0
-0.0
-0.0
-0.0
-0.0
-0.0
-0.0
-0.0
-0.0
-0.0
-11.833278706
-11.8578951215
-12.4101377707
-13.3633544765
-14.3833953931
-15.5652424558
-15.3295582722
-16.4480936418
-11.3874737153
-10.9489848175
-10.5151792768
-4.24921233871
-4.41054247151
-0.0
-0.0
-0.0
-0.0
-0.0
-0.0
-0.0
-0.0
-0.0
-0.0
-0.0
-0.0
-0.0
-0.0
-0.0
-0.0
-0.0
-0.0
-0.0
-8.34402417533
-10.3735684553
-12.1674573427
-12.2378228625
-12.0936080963
-12.4488618395
-8.98395186111
-8.25701423685
-8.19603462519
-8.18900958967
-7.07986012816
-2.86102693058
-3.10864599701
-3.51666620248
-0.0
-0.0
-0.0
-0.0
-0.0
-0.0
-0.0
-0.0
-0.0
-0.0
-0.0
-0.0
-0.0
-0.0
-0.0
-0.0
-9.14945601485
-8.41430332173
-8.30527131542
-8.03794568075
-8.08366599393
-9.43083172058
-6.32240390694
-5.85107392776
-5.32580856654
-4.74660782327
-1.18109141317
-1.3349204971
-1.54784433344
-1.84049272595
-0.0
-0.0
-0.0
-0.0
-0.0
-0.0
-0.0
-0.0
-0.0
-0.0
-0.0
-0.0
-0.0
-0.0
-0.0
-0.0
-0.0
-10.2364075157
-11.5694943802
-11.2318320169
-12.0197300587
-12.9272264513
-12.2589267602
-13.1699356705
-8.19607301336
-8.09288560629
-7.70831289645
-2.27384912511
-2.30761536145
-2.12940211048
-0.0
-0.0
-0.0
-0.0
-0.0
-0.0
-0.0
-0.0
-0.0
0.0
-0.0
-0.0
-0.0
-0.0
0.0
0.210256622356
0.517914118715
-3.51657900856
-4.24467787504
-4.60695665383
-4.25521542833
-3.31516530025
-2.94466185555
-2.92122587638
-1.7096944809
-1.62340554727
-2.01923366921
-0.0
-0.0
-0.0
-0.0
-0.0
-0.0
-0.0
-0.0
-0.0
-0.0
-0.0
-0.0
-0.0
-0.0
-0.0
-0.0
-11.4096382891
-10.7730088401
-11.6840177504
-11.6840177504
-12.3804463747
-12.7462664624
-11.9794723183
-8.42716464926
-8.01211173064
-2.78369573187
-2.66457723331
-2.3634834429
-2.29969765585
-0.0
-0.0
-0.0
-0.0
-0.0
-0.0
-0.0
-0.0
-0.0
-0.0
-0.0
-0.0
-0.0
-0.0
-0.0
-0.0
-0.0
-9.11976461886
-10.44231393
-11.2689072495
-11.7296804813
-11.4096094979
-12.0110849782
-8.65225369739
-8.55140796883
-8.92425309203
-7.94172701677
-3.2170214205
-3.40649776121
-0.0
-0.0
-0.0
-0.0
-0.0
-0.0
-0.0
-0.0
-0.0
-0.0
-0.0
-0.0
-0.0
-0.0
-0.0
-0.0
-0.0
-0.0
-3.41805576442
-4.11097187101
-4.60341534493
-3.72758919451
-5.0923463011
-4.32203963921
-5.1169915077
-4.2977105696
-4.76435719176
-4.91677742977
-2.0229957101
-2.52293255525
-2.47227552312
-2.23309417695
-0.0
-0.0
-0.0
-0.0
-0.0
-0.0
-0.0
-0.0
-0.0
-0.0
-0.0
-0.0
-0.0
-0.0
-0.0
-0.0
-0.0
-2.20105473291
-1.96539934037
-2.9397199438
-3.93514444495
-4.46979571429
-5.43003745555
-4.70571925861
-5.00351550503
-4.98944623989
-5.26614818564
-1.76221717821
-1.4620600592
-1.45268566753
-1.33544051177
-0.0
-0.0
-0.0
-0.0
-0.0
-0.0
-0.0
-0.0
0.0
-0.0
-0.0
-0.0
-0.0
-0.0
-0.0
-4.12156700655
-3.87183275183
-5.68682553693
-6.37271660799
-6.5555978607
-8.08567363119
-5.85707651553
-6.75752867847
-6.6238802567
-2.64205105382
-2.94127150142
-2.76024055861
-0.0
-0.0
-0.0
-0.0
-0.0
-0.0
-0.0
-0.0
-0.0
-0.0
-0.0
-0.0
-0.0
-0.0
-0.0
-0.0
-0.0
-0.0
-0.0
-0.0
-9.21480413636
-10.1820709131
-9.74591409681
-9.09517699452
-9.38009400913
-8.9439371928
-6.79741398947
-6.95217590599
-7.03659149682
-6.10563993101
-1.79599109217
-2.16461735525
-0.0
-0.0
-0.0
-0.0
-0.0
-0.0
-0.0
-0.0
-0.0
-0.0
-0.0
-0.0
-0.0
-0.0
-0.0
-0.0
-6.23555566846
-6.83703114868
-10.709697147
-10.2594614684
-10.2101998464
-10.3051529905
-6.90292388096
-6.94747335488
-6.66842973063
-2.40661639326
-2.31469975357
-2.24997729512
-0.0
-0.0
-0.0
-0.0
-0.0
-0.0
-0.0
-0.0
-0.0
-0.0
-0.0
-0.0
-0.0
-0.0
-0.0
-0.0
-0.0
-8.96501229938
-8.66952894034
-10.4282350679
-11.8633289031
-12.1658372977
-13.9491598406
-14.3818041392
-9.36040031132
-10.1318874095
-10.2420998521
-10.1201598229
-3.14292457038
-2.88029572858
-2.52011486341
-2.49573069638
-0.0
-0.0
-0.0
-0.0
-0.0
-0.0
-0.0
-0.0
-0.0
-0.0
-0.0
-0.0
-0.0
-0.0
-0.0
-0.0
-0.0
-0.0
-11.1916030676
-12.2011064309
-12.1131783223
-13.231713692
-15.257716663
-15.3421322538
-16.5802659742
-11.1238569751
-11.414628186
-11.105104353
-3.91771305138
-4.25538309233
-4.4936277671
-4.7065439258
-0.0
-0.0
-0.0
-0.0
-0.0
-0.0
-0.0
-0.0
-0.0
-0.0
-0.0
-0.0
-0.0
-0.0
-0.0
-0.0
-0.0
-0.0
-9.24995810512
-9.21480413636
-10.4458840301
-10.0413974558
-9.94290300284
-10.7941127378
-7.28285162195
-6.86311534631
-7.0085105488
-1.9967458779
-2.33441591885
-2.50793813516
-0.0
-0.0
-0.0
-0.0
-0.0
-0.0
-0.0
-0.0
-0.0
-0.0
-0.0
-0.0
-0.0
-0.0
-0.0
-0.0
-0.0
-0.0
-12.8165456088
-13.8225364544
-14.4240119346
-14.6350509117
-14.1496324733
-14.905860273
-15.1978023231
-16.6504875383
-11.4145514097
-10.9784041904
-11.1331661069
-9.36040031132
-4.24127927784
-4.19906764361
-4.04430188827
-0.0
-0.0
-0.0
-0.0
-0.0
-0.0
-0.0
-0.0
-0.0
-0.0
-0.0
-0.0
-0.0
-0.0
-0.0
-0.0
-0.0
-0.0
-15.2611715985
-16.1229476779
-16.5872334275
-16.4500436968
-16.8369676822
-17.6178118974
-11.98908799
-11.5388715056
-11.280922182
-11.0276754095
-3.42150753657
-3.1832628618
-3.00223191899
-0.0
-0.0
-0.0
-0.0
-0.0
-0.0
-0.0
-0.0
-0.0
-0.0
-0.0
-0.0
-0.0
-0.0
-0.0
-0.0
-7.06563271457
-10.0554187358
-9.90417893406
-9.15146365211
-7.57918008621
-7.17115220311
-5.19347937552
-4.99182630657
-4.90741071574
-1.22383841734
-1.07751038226
-1.11408663281
-0.0
-0.0
-0.0
-0.0
-0.0
-0.0
-0.0
-0.0
-0.0
-0.0
-0.0
-0.0
-0.0
-0.0
-8.1595228776
-8.15249784207
-9.56297526184
-12.9045025085
-13.4989529532
-13.6291176484
-13.1225953123
-9.12358367657
-9.56443344696
-9.18454409414
-8.98053015259
-4.05182597003
-4.04713493538
-4.03868953748
-0.0
-0.0
-0.0
-0.0
-0.0
-0.0
-0.0
-0.0
-0.0
-0.0
-0.0
-0.0
-0.0
-0.0
-0.0
-0.0
-0.0
-11.0403056836
-10.9734814727
-11.198599312
-11.0825422702
-11.5011077066
-7.96522057821
-7.81748369721
-2.74336511808
-2.61954790723
-2.61673021539
-0.0
-0.0
-0.0
-0.0
-0.0
-0.0
-0.0
-0.0
-0.0
-0.0
-0.0
-0.0
-0.0
-0.0
-0.0
-0.0
-0.0
-12.0462389469
-12.9959431349
-12.7919291933
-12.4472417945
-12.7708540868
-11.1106424123
-8.41305699595
-8.30988878297
-2.85965824717
-2.85215719831
-3.05569896534
-0.0
-0.0
-0.0
-0.0
-0.0
-0.0
-0.0
-0.0
-0.0
-0.0
-0.0
-0.0
-0.0
-0.0
-0.0
-0.0
-0.0
-0.0
-0.0
-10.2875328194
-10.6322202183
-12.4085177257
-11.3849642913
-12.2537654062
-13.0697923813
-8.76713030292
-9.29707902116
-9.16575308381
-3.33238555582
-3.17950082092
-3.13072480923
-3.25172432824
-0.0
-0.0
-0.0
-0.0
-0.0
-0.0
-0.0
-0.0
-0.0
-0.0
-0.0
-0.0
-0.0
-0.0
-0.0
-0.0
-7.31185445154
-7.50530204867
-8.73289821573
-9.41527676902
-9.921770314
-10.6604067338
-7.09521023588
-7.45398609395
-7.74241562633
-7.21012522958
-3.23203887349
-3.22922118165
-2.86997698788
-0.0
-0.0
-0.0
-0.0
-0.0
-0.0
-0.0
-0.0
-0.0
-0.0
-0.0
-0.0
-0.0
-0.0
-0.0
-0.0
-9.72829392574
-9.1057145478
-9.42581432231
-10.7975964644
-12.5281448676
-14.1496900555
-14.6878538426
-9.7285812716
-9.77783329663
-9.73562550121
-3.26768613027
-3.75354987147
-3.52844162925
-0.0
-0.0
-0.0
-0.0
-0.0
-0.0
-0.0
-0.0
-0.0
-0.0
-0.0
-0.0
-0.0
-0.0
-0.0
-0.0
-0.0
-12.8165743999
-12.1377371555
-11.5608780908
-11.7086053747
-13.2421648719
-9.47295443243
-10.237397301
-10.3171295348
-3.18324750653
-3.11946939712
-3.04443587559
-0.0
-0.0
-0.0
-0.0
-0.0
-0.0
-0.0
-0.0
-0.0
-0.0
-0.0
-0.0
-0.0
-0.0
-0.0
-0.0
-0.0
-7.80438429885
-9.14800871661
-10.0132973137
-11.0790585435
-11.5152153599
-12.7533490802
-13.5517846753
-9.958411259
-10.0521935639
-9.6207297016
-3.13637554819
-3.22923653692
-3.01255833734
-0.0
-0.0
-0.0
-0.0
-0.0
-0.0
-0.0
-0.0
-0.0
-0.0
-0.0
-0.0
-0.0
-0.0
-0.0
-0.0
-0.0
-0.0
-0.0
-12.8166031911
-12.359342477
-12.4859658633
-13.1472405189
-13.4849028822
-9.76142235298
-9.68639267027
-9.89274829033
-3.66538759502
-3.68320738459
-3.63724138711
-0.0
-0.0
-0.0
-0.0
-0.0
-0.0
-0.0
-0.0
-0.0
-0.0
-0.0
-0.0
-0.0
-0.0
-0.0
-0.0
-0.0
-10.1891247398
-10.8328080154
-10.4705292367
-10.5971526229
-12.0639167003
-13.5869386441
-13.9246010074
-13.636171475
-9.57149687066
-9.36982460762
-8.68979732987
-4.0846632126
-4.02557613783
-4.2544387433
-0.0
-0.0
-0.0
-0.0
-0.0
-0.0
-0.0
-0.0
-0.0
-0.0
-0.0
-0.0
-0.0
-0.0
-0.0
-0.0
-0.0
-10.364980957
-10.3931098902
-10.1961497753
-9.84440854983
-9.76701799452
-9.7353477524
-6.85839360112
-7.30626840704
-7.49855476196
-2.47415654356
-2.55763546299
-2.25560500117
-2.26873375609
-0.0
-0.0
-0.0
-0.0
-0.0
-0.0
-0.0
-0.0
-0.0
-0.0
-0.0
-0.0
-0.0
-0.0
-0.0
-0.0
-0.0
-8.79618111772
-9.04942789021
-9.33434490482
-9.66146971486
-9.65090337044
-9.78458058334
-7.12803212317
-7.05300244046
-6.63326616482
-6.47614337571
-1.71532986459
-1.70970215854
-1.6140311556
-0.0
-0.0
-0.0
-0.0
-0.0
-0.0
-0.0
-0.0
-0.0
-0.0
-0.0
-0.0
-0.0
-0.0
-0.0
-0.0
-5.60592246386
-8.51480541199
-8.47611013434
-9.218287863
-8.77156470225
-5.7398582315
-5.92978371382
-5.68356197686
-1.87009561993
-2.00516056526
-1.6487263857
-0.0
-0.0
-0.0
-0.0
-0.0
-0.0
-0.0
-0.0
-0.0
-0.0
-0.0
-0.0
-0.0
-0.0
-0.0
-0.653445164739
-1.18107139856
-3.44275855328
-4.19196131746
-5.52507697306
-6.8968879063
-4.05859064451
-4.51585135855
-4.49005450678
-4.87228553811
-1.66564789204
-1.92453004822
-2.06334935679
-1.70973286907
-0.0
-0.0
-0.0
-0.0
-0.0
-0.0
-0.0
-0.0
-0.0
-0.0
-0.0
-0.0
-0.0
-0.0
-0.0
-0.0
-0.0
-12.067429218
-12.0463253203
-13.7593111346
-13.7663361702
-15.1803261077
-15.8697296965
-9.97248052414
-10.6314135012
-10.199949639
-10.607977522
-3.34836271312
-3.00037393146
-2.93189710975
-2.51731252683
-0.0
-0.0
-0.0
-0.0
-0.0
-0.0
-0.0
-0.0
-0.0
-0.0
-0.0
-0.0
-0.0
-0.0
-0.0
-0.0
-10.9277899507
-10.5654823808
-10.660464316
-11.6312724017
-12.2327478819
-14.308012475
-9.78487752624
-9.93495608574
-9.42610166817
-8.10823571401
-3.23016553069
-3.54250705558
-3.43088960587
-0.0
-0.0
-0.0
-0.0
-0.0
-0.0
-0.0
-0.0
-0.0
-0.0
-0.0
-0.0
-0.0
-0.0
-0.0
-0.0
-0.0
-0.0
-9.46093949994
-9.14083972544
-9.30264587157
-9.14438103433
-10.1820133309
-11.0824558968
-12.5421661475
-9.43775247845
-9.64646897111
-9.81295847426
-9.4612268458
-4.06119268407
-4.31632815464
-4.46640287532
-0.0
-0.0
-0.0
-0.0
-0.0
-0.0
-0.0
-0.0
-0.0
-0.0
-0.0
-0.0
-0.0
-0.0
-0.0
-0.0
-0.0
-0.0
-0.0
-10.0061859048
-10.755388669
-11.6699100971
-12.700488567
-12.7040010848
-13.9139770807
-13.3547093959
-9.29943989375
-8.75776358888
-8.71321411496
-2.78837141126
-2.62328691521
-2.67675396155
-0.0
-0.0
-0.0
-0.0
-0.0
-0.0
-0.0
-0.0
-0.0
-0.0
-0.0
-0.0
-0.0
-0.0
-0.0
-0.0
-0.0
-11.1986281031
-11.8599027587
-11.740304408
-11.902081763
-13.3019928384
-9.20331591038
-8.88908952623
-9.17281650751
-8.79528802728
-3.82764672159
-3.61191287105
-3.81357361763
-0.0
-0.0
-0.0
-0.0
-0.0
-0.0
-0.0
-0.0
-0.0
-0.0
-0.0
-0.0
-0.0
-0.0
-0.0
-0.0
-0.0
-0.0
-11.9301819051
-11.9301819051
-12.5949690785
-12.9080438174
-12.507069761
-8.11293826511
-8.77185204811
-8.95945504601
-8.01443421506
-3.57720996331
-3.88580480259
-3.62880366685
-0.0
-0.0
-0.0
-0.0
-0.0
-0.0
-0.0
-0.0
-0.0
-0.0
-0.0
-0.0
-0.0
-0.0
-0.0
-0.0
-10.6885932493
-10.709697147
-10.3263144705
-11.8880316919
-11.494082671
-12.6583383538
-13.3653333226
-13.9421923874
-9.53163075375
-10.2562075054
-10.4977458854
-3.53595803339
-3.22267215946
-3.38774897787
-0.0
-0.0
-0.0
-0.0
-0.0
-0.0
-0.0
-0.0
-0.0
-0.0
-0.0
-0.0
-0.0
-0.0
-0.0
-0.0
-9.04942789021
-12.4120590346
-13.1190827945
-13.4180786713
-13.294996594
-13.5552971931
-10.0006382485
-10.4508547329
-11.4709052466
-11.3958755639
-4.18315958502
-4.02745715828
-3.85580828477
-3.71042459874
-0.0
-0.0
-0.0
-0.0
-0.0
-0.0
-0.0
-0.0
-0.0
-0.0
-0.0
-0.0
-0.0
-0.0
-0.0
-0.0
-0.0
-14.1426938111
-13.998479045
-13.1965021409
-14.2306219197
-14.5471803854
-14.7089865315
-9.81535773503
-10.3242121526
-10.1413117058
-3.37836690857
-3.17014178452
-3.23016553069
-0.0
-0.0
-0.0
-0.0
-0.0
-0.0
-0.0
-0.0
-0.0
-0.0
-0.0
-0.0
-0.0
-0.0
-0.0
-0.0
-0.0
-5.40890476671
-5.73600078561
-5.59181481055
-6.50633623863
-6.79476577101
-7.55099357072
-5.3599304905
-5.96024472852
-5.72338970559
-1.62808890428
-1.7603438354
-1.86915127089
-0.0
-0.0
-0.0
-0.0
-0.0
-0.0
-0.0
-0.0
-0.0
-0.0
-0.0
-0.0
-0.0
-0.0
-0.0
-0.0
-0.0
-8.77864732003
-9.29570720943
-9.2429330696
-9.25349941402
-9.87607879195
-6.5535531251
-7.35552043207
-7.24764966798
-7.20778355107
-3.27330615869
-3.28268822799
-3.22360115323
-0.0
-0.0
-0.0
-0.0
-0.0
-0.0
-0.0
-0.0
-0.0
-0.0
-0.0
-0.0
-0.0
-0.0
-0.0
-0.0
-0.0
-0.0
-5.51094052862
-5.54258197961
-5.61291870826
-6.00335521141
-6.74904545783
-8.31079147045
-6.20882733808
-6.94983422748
-7.00376960952
-7.28281323378
-2.57076421791
-2.85591156156
-2.83246406593
-0.0
-0.0
-0.0
-0.0
-0.0
-0.0
-0.0
-0.0
-0.0
-0.0
-0.0
-0.0
-0.0
-0.0
-0.0
-0.0
-0.0
-0.0
-10.7624137045
-11.4658961555
-11.0578970636
-10.7554174601
-10.3263144705
-11.9372645229
-8.50453601048
-8.79530722137
-8.62881771822
-8.57488233617
-3.14949662547
-3.00504961084
-3.26486843842
-0.0
-0.0
-0.0
-0.0
-0.0
-0.0
-0.0
-0.0
-0.0
-0.0
-0.0
-0.0
-0.0
-0.0
-0.0
-0.0
-0.0
-0.0
-4.84261204637
-4.29036939709
-3.17534654522
-3.88585403175
-2.47888912974
-3.32658634694
-3.25652736711
-4.03269782231
-4.45243409795
-1.44893130428
-1.68904932185
-2.00420853859
-1.94886814944
-0.0
-0.0
-0.0
-0.0
-0.0
-0.0
-0.0
-0.0
-0.0
-0.0
-0.0
-0.0
-0.0
-0.0
-0.0
-0.0
-0.0
-0.0
-13.7557122435
-14.0547081203
-13.8436691432
-12.5809477985
-13.094466379
-13.2808889406
-13.094466379
-9.34400856176
-8.74839687485
-8.78121876214
-3.03975251857
-2.81933531101
-3.08666286509
-3.33053524591
-0.0
-0.0
-0.0
-0.0
-0.0
-0.0
-0.0
-0.0
-0.0
-0.0
-0.0
-0.0
-0.0
-0.0
-0.0
-0.0
-0.0
-12.3276722349
-12.1060669134
-11.7613507234
-12.063859118
-12.2221527464
-12.8869399197
-8.8421983738
-9.25961216502
-9.23617618585
-3.37462790059
-3.59317944298
-3.92615844928
-0.0
-0.0
-0.0
-0.0
-0.0
-0.0
-0.0
-0.0
-0.0
-0.0
-0.0
-0.0
-0.0
-0.0
-0.0
-0.0
-0.0
-10.5267871031
-11.3252226982
-10.8715032931
-11.8352575521
-13.0276421682
-13.0557711014
-14.3853454481
-14.9868209283
-10.6008949043
-10.4625439314
-10.5399152926
-3.45902045851
-3.4890323316
-3.40555341217
-3.05287359586
-0.0
-0.0
-0.0
-0.0
-0.0
-0.0
-0.0
-0.0
-0.0
-0.0
-0.0
-0.0
-0.0
-0.0
-0.0
-0.0
-0.0
-0.0
-9.19370023866
-10.6147440028
-12.4402455501
-12.7392126358
-13.4251037068
-13.8366441077
-9.618368829
-9.12124199806
-8.64522866186
-3.87173937626
-4.22253817214
-3.92614309401
-0.0
-0.0
-0.0
-0.0
-0.0
-0.0
-0.0
-0.0
-0.0
-0.0
-0.0
-0.0
-0.0
-0.0
-0.0
-9.84789227646
-11.9512858028
-11.4166345335
-11.8563038676
-12.3979801724
-14.0054177071
-14.3079261017
-14.4169868991
-10.6266725619
-11.2199425704
-10.9924734555
-3.51060648442
-3.58282999173
-3.68788306398
-0.0
-0.0
-0.0
-0.0
-0.0
-0.0
-0.0
-0.0
-0.0
-0.0
-0.0
-0.0
0.0
-0.0
-0.0
-0.0
-1.75958523533
-5.60763481814
-7.11657789979
-8.23511326942
-8.29842496254
-8.96672465365
-10.2611162405
-7.44808343386
-7.99444309574
-8.30162525028
-8.28755598514
-2.71754120315
-2.75318845993
-2.47835985698
-0.0
-0.0
-0.0
-0.0
-0.0
-0.0
-0.0
-0.0
-0.0
0.0
0.0
-0.0
-0.0
-0.0
-0.0
-0.0
-3.59242794416
-5.8400362367
-6.10736187137
-7.37362452495
-8.83684729342
-9.55792112437
-7.38261202178
-8.05325339141
-7.66633900306
-2.59380061494
-2.77295821494
-2.6097470617
-0.0
-0.0
-0.0
-0.0
-0.0
-0.0
-0.0
-0.0
-0.0
-0.0
-0.0
-0.0
-0.0
-0.0
-0.0
-0.0
-0.0
-0.0
-12.5160656946
-13.0436919284
-14.5456099745
-14.7214949828
-13.6803501685
-14.1657686069
-9.40397962103
-9.48371185484
-9.04756463556
-9.23749011788
-3.08344175229
-3.17442939822
-2.6669915042
-0.0
-0.0
-0.0
-0.0
-0.0
-0.0
-0.0
-0.0
-0.0
-0.0
-0.0
-0.0
-0.0
-0.0
-0.0
-0.0
-0.0
-9.46999301578
-9.89909600545
-10.479467588
-11.6261318908
-12.9099859244
-13.7893245925
-9.25150180076
-9.24447676523
-9.53056461911
-9.15303613888
-2.78139593521
-2.80015239618
-2.64070328383
-0.0
-0.0
-0.0
-0.0
-0.0
-0.0
-0.0
-0.0
-0.0
-0.0
-0.0
-0.0
-0.0
-0.0
-0.0
-0.0
-0.0
-0.0
-9.63882419744
-9.60012891979
-10.3458191662
-10.2227082977
-10.349331684
-10.89103678
-10.3071526797
-7.2841463599
-8.06265849361
-8.29479177135
-2.93616169055
-2.90802316027
-3.05809788096
-0.0
-0.0
-0.0
-0.0
-0.0
-0.0
-0.0
-0.0
-0.0
-0.0
-0.0
-0.0
-0.0
-0.0
-0.0
-0.0
-0.0
-0.0
-0.0
-8.27403829972
-7.89062683209
-9.38903236045
-8.85086857335
-10.2367295776
-10.901516751
-11.6401531708
-8.01805143743
-8.64648501164
-8.30412009722
-2.74573332317
-2.69977500332
-2.52625278701
-0.0
-0.0
-0.0
-0.0
-0.0
-0.0
-0.0
-0.0
-0.0
-0.0
-0.0
-0.0
-0.0
-0.0
-0.0
-0.0
-0.0
-6.13554838686
-6.61742551637
-7.26462130978
-7.93643351866
-8.46403096134
-8.21078418885
-5.28393064358
-4.58044819258
-1.22999937384
-1.55829502313
-1.56580374962
-1.69430431749
-0.0
-0.0
-0.0
-0.0
-0.0
-0.0
-0.0
-0.0
-0.0
-0.0
-0.0
-0.0
-0.0
-0.0
-0.0
-0.0
-0.0
-6.61034289859
-7.00429191951
-7.8519891367
-9.46296798025
-10.9508359553
-11.5523114356
-8.09315789649
-8.52696343727
-8.06265849361
-3.16596864505
-3.45579934571
-3.06747995026
-0.0
-0.0
-0.0
-0.0
-0.0
-0.0
-0.0
-0.0
-0.0
-0.0
-0.0
-0.0
-0.0
-0.0
-0.0
-0.0
-0.0
-8.38666919717
-8.07011073156
-9.99764804072
-10.6659477318
-10.711668045
-10.7820047737
-7.45063586305
-7.5725566982
-8.03451996334
-8.53867182981
-2.87051023833
-2.75889278862
-2.3349261364
-2.31241531217
-0.0
-0.0
-0.0
-0.0
-0.0
-0.0
-0.0
-0.0
-0.0
-0.0
-0.0
-0.0
-0.0
-0.0
-0.0
-0.0
-0.0
-7.77459858139
-8.98457457738
-9.66341182178
-9.99053663181
-11.4326842937
-12.2874065464
-8.14471321185
-8.54101350832
-9.32422819313
-9.22808501567
-8.06970272323
-3.24476420746
-3.46799910686
-0.0
-0.0
-0.0
-0.0
-0.0
-0.0
-0.0
-0.0
-0.0
-0.0
-0.0
-0.0
-0.0
-0.0
-0.0
-0.0
-0.0
-0.0
-15.8716430123
-15.5234143046
-15.5691634089
-15.8892631834
-15.7767186593
-15.3933071917
-15.6887617596
-10.8038810993
-10.8531139303
-10.8062035838
-10.0136221849
-3.94729079297
-3.95948287648
-4.16114362307
-0.0
-0.0
-0.0
-0.0
-0.0
-0.0
-0.0
-0.0
-0.0
-0.0
-0.0
-0.0
-0.0
-0.0
-0.0
-0.0
-0.0
-0.0
-7.95756620749
-6.95511667082
-6.7827729714
-7.78522250807
-8.33746515736
-9.30473193414
-9.54744115334
-6.48690079812
-6.99107185868
-7.1458337752
-6.4798757626
-2.69418568544
-2.4381212211
-2.70450442614
-0.0
-0.0
-0.0
-0.0
-0.0
-0.0
-0.0
-0.0
-0.0
-0.0
-0.0
-0.0
-0.0
-0.0
-0.0
-0.0
-0.0
-11.513644949
-12.2804390932
-11.8090995169
-12.7799076026
-13.9160343522
-13.5115189868
-9.95268096143
-9.73459775474
-10.0722793121
-10.0957344854
-4.35063531905
-4.20712497582
-3.89947448559
-0.0
-0.0
-0.0
-0.0
-0.0
-0.0
-0.0
-0.0
-0.0
-0.0
-0.0
-0.0
-0.0
-0.0
-0.0
-0.0
-0.0
-0.0
-10.9718246885
-11.4572143358
-11.2039675633
-12.5652121521
-13.353110194
-13.6309733819
-14.87261962
-14.9605477286
-10.543532515
-10.7780266653
-10.902308373
-3.37605175663
-3.17532768145
-3.36198633031
-0.0
-0.0
-0.0
-0.0
-0.0
-0.0
-0.0
-0.0
-0.0
-0.0
-0.0
-0.0
-0.0
-0.0
-0.0
-0.0
-4.47525033898
-6.46961185903
-6.23744019312
-5.34051014499
-6.23038636647
-6.62433538738
-6.42386275473
-4.13249661031
-3.95193784202
-3.9449128065
-1.99535971973
-2.42964511266
-2.23548541494
-0.0
-0.0
-0.0
-0.0
-0.0
-0.0
-0.0
-0.0
-0.0
-0.0
-0.0
-0.0
-0.0
-0.0
-0.0
-0.0
-0.0
-0.0
-0.0
-8.48159355016
-8.43938575474
-9.55089608885
-10.2754824376
-10.9156531954
-12.1045252937
-12.4281087948
-12.7129970183
-8.76140000534
-9.06624048137
-9.87523282387
-3.31696468187
-3.12186831274
-2.60504834942
-0.0
0.0
0.0
0.0
0.0
0.0
0.0
0.0
0.0
0.0
0.0
0.0
0.0
0.0
0.0
0.0
0.0
0.0
0.0
0.0
0.0
0.0
84.8571757604
86.5141477983
87.8163254237
88.6287204293
89.242450952
89.6518349694
90.0556379194
90.4528951323
90.8548293614
91.2605272739
91.6587444584
92.0616433193
92.4617461461
92.8646589871
93.2713401716
93.6752440004
94.0735388016
94.4643155562
94.8569266543
95.26356586
95.6608633327
96.0440737213
96.4356455121
96.8412407505
97.2431173019
97.6412488483
98.03468004
98.4355796219
98.8317928293
99.2279873582
99.6251075577
100.031595846
100.433425797
100.844639498
101.24184377
101.636216369
102.035252005
102.439910686
102.844592706
103.245543702
103.654008084
104.075643237
104.480502607
104.894767384
105.278145955
105.666131565
106.06531193
106.467305326
106.866490389
107.265670792
107.663902186
108.063060893
108.463159251
108.856693231
109.25487791
109.649306545
110.053081573
110.447500849
110.851266519
111.250367472
111.647582744
112.048538361
112.443870932
112.826043733
113.227828649
113.631503906
114.029562457
114.425738308
114.830340878
115.243412184
115.644356762
116.037797312
116.428387512
116.81612102
117.22067699
117.622438606
118.029844926
118.426969862
118.827835181
119.224950835
119.625799194
120.026659891
120.428454281
120.835893374
121.246179838
121.646198898
122.050908993
122.456579098
122.858522838
123.25297485
123.648335534
124.047427243
124.454952013
124.861577429
125.264488819
125.664596535
126.05438551
126.465697301
126.852673245
127.250839245
127.649940236
128.043401183
128.449965866
128.850935502
129.2434644
129.648148024
130.039733872
130.430333391
130.819012891
131.223582841
131.633803835
132.037511788
132.439365078
132.841227725
133.244028725
133.646851382
133.647788054
133.644033691
133.655289103
133.659980137
133.663734501
133.658106795
133.660924486
133.656233452
133.665615521
133.662805507
133.661868835
133.664686527
133.66655987
133.656241129
133.649669074
133.64497804
133.642160348
133.640279327
133.639342656
133.629023915
133.629960587
133.628087244
133.62527723
133.631841607
133.629023915
133.636532642
133.629968264
133.638413662
133.639350334
133.629968264
133.638405985
133.637461636
133.638405985
133.643097019
133.656233452
133.659043466
133.659043466
133.663734501
133.657170123
133.664671172
133.654352431
133.655289103
133.659980137
