0
0
0
0
0
0
0
0
0
0
0
0
0
0
0
0
0
0
0
0
0
0
0
0
0
0
0
0
0
0
0
0
0
0
0
0
0
0
0
0
0
0
0
0
0
0
0
0
0
0
0
0
0
0
0
0
0
0
0
0
0
0
0
0
0
0
0
0
0
0
0
0
0
0
0
0
0
0
0
0
0
0
0
0
0
0
0
0
0
0
0
0
0
0
0
0
0
0
0
0
0
0
0
0
0
0
0
0
0
0
0
0
0
0
0
0
0
0
0
0
0
0
0
0
0
0
0
0
0
0
0
0
0
0
0
0
0
0
0
0
0
0
0
0
0
0
0
0
0
0
0
0
0
0
0
0
0
0
0
0
0
0
0
0
0
0
0
0
0
0
0
0
0
0
0
0
0
0
0
0
0
0
0
0
0
0
0
0
0
0
0
0
0
0
0
0
0
0
0
0
0
0
0
0
0
0
0
0
0
0
0
0
0
0
0
0
0
0
0
0
0
0
0
0
0
0
0
0
0
0
0
0
0
0
0
0
0
0
0
0
0
0
0
0
0
0
0
0
0
0
0
0
0
0
0
0
0
0
0
0
0
0
0
0
0
0
0
0
0
0
0
0
0
0
0
0
0
0
0
0
0
0
0
0
0
0
0
0
0
0
0
0
0
0
0
0
0
0
0
0
0
0
0
0
0
0
0
0
0
0
0
0
0
0
0
0
0
0
0
0
0
0
0
0
0
0
0
0
0
0
0
0
0
0
0
0
0
0
0
0
0
0
0
0
0
0
0
0
0
0
0
0
0
0
0
0
0
0
0
0
0
0
0
0
0
0
0
0
0
0
0
0
0
0
0
0
0
0
0
0
0
0
0
0
0
0
0
0
0
0
0
0
0
0
0
0
0
0
0
0
0
0
0
0
0
0
0
0
0
0
0
0
0
0
0
0
0
0
0
0
0
0
0
0
0
0
0
0
0
0
0
0
0
0
0
0
0
0
0
0
0
0
0
0
0
0
0
0
0
0
0
0
0
0
0
0
0
0
0
0
0
0
0
0
0
0
0
0
0
0
0
0
0
0
0
0
0
0
0
0
0
0
0
0
0
0
0
0
0
0
0
0
0
0
0
0
0
0
0
0
201.0
202.0
203.0
204.0
205.0
206.0
207.0
208.0
209.0
210.0
211.0
212.0
213.0
214.0
215.0
216.0
217.0
218.0
219.0
220.0
221.070557461
222.084977758
223.0736712
224.104514091
225.083934115
226.053844091
227.037690787
228.042550138
229.040407753
230.038253718
231.050138104
232.073808328
233.07181749
234.041676473
235.048889056
236.05613659
237.089215927
238.09433922
239.08539745
240.067023075
241.032144365
242.020545789
243.027641489
244.03477214
245.034912706
246.065552674
247.063484106
248.066106343
249.054670964
250.066632413
251.045830321
252.003809787
252.999084509
254.027176916
254.994448898
255.984993567
256.970808182
257.972963745
258.963403371
259.960840531
260.974696178
261.997988632
262.958076487
263.948465407
264.943491083
265.950201851
266.947580855
267.947289888
268.972795773
269.972633148
270.988881468
272.000528076
272.99113873
273.998094533
275.02854046
276.031018694
277.019420213
278.047629504
279.057226165
280.059825293
281.048366805
282.041533329
283.088619382
284.091370153
285.089430022
286.082813983
287.071460442
288.04597929
289.036799933
290.04398492
291.048844079
292.060770769
293.065711575
294.068334002
295.066284723
296.087659773
297.120886551
298.114391406
299.058628384
300.044793172
301.068393208
302.075718091
303.024440088
304.005727286
305.005692909
305.991570072
306.977396338
308.005360402
309.014692643
309.991249598
310.951278916
311.948634334
312.945978101
313.919855046
314.905331234
315.909509242
316.892577957
317.906064333
318.938373328
319.945067958
320.93538669
321.94439225
322.979260456
324.002576114
325.007255842
326.021344874
327.033143126
328.019202871
329.002850942
330.016897576
331.021647491
332.007648987
332.991219613
333.986455278
333.993480313
333.977050176
333.97002514
333.946589161
333.977088564
333.993499507
333.984113599
333.981771921
333.995841186
333.958316747
333.963000104
333.97002514
333.955955875
333.981752727
333.979411048
333.972366818
333.993461119
334.002827833
334.009872063
334.012213741
334.016916292
334.049757374
334.059143282
334.038029787
334.014574614
334.009891257
334.023960522
334.009891257
333.986436084
334.021618844
334.000505349
333.993480313
334.002866221
333.991138635
334.007549578
334.014593808
334.000524543
334.002885415
334.005227094
333.993499507
333.972386013
333.937203253
333.94188661
333.958297553
333.960639232
333.955936681
333.934823186
333.939525737
333.941867416
333.904342977
333.920773115
333.930139829
333.946550773
333.937184059
333.960639232
333.925456472
333.92779815
333.941867416
333.932481508
333.953595002
333.998144476
334.009872063
334.021599649
334.021599649
334.030985558
334.038029787
334.047415695
334.040371466
334.049757374
334.070870869
334.059143282
334.04039066
334.009910451
334.000524543
333.965341783
333.981752727
333.993480313
333.979411048
333.991138635
333.979411048
333.963000104
333.958316747
333.911406401
333.939544931
333.944228288
333.925456472
333.89965962
333.913728885
333.890273712
333.904342977
333.894957069
333.894957069
333.91605137
333.927778956
333.937164865
333.948892451
333.953595002
333.95123413
333.941867416
333.96298091
333.941867416
333.939525737
333.951253324
333.939544931
333.939544931
333.958316747
333.979430242
333.970044334
334.002885415
333.998202058
334.016973875
334.014632196
334.005265482
334.007607161
334.033404012
334.035764885
334.028720655
334.035764885
334.035764885
334.040448242
334.04983415
334.052175829
334.070947645
334.024037298
334.024037298
334.02169562
334.01465139
334.012309712
334.005265482
334.005265482
334.00290461
334.00290461
333.998202058
334.016954681
334.007568772
334.014593808
333.991138635
333.986455278
333.998182864
333.974727691
333.988796956
333.979411048
333.96298091
334.007530384
334.007530384
333.993461119
334.021599649
334.021599649
334.030985558
334.009872063
334.002847027
334.021599649
334.045054823
334.016916292
334.002847027
334.021599649
334.061465766
334.068490802
334.049718986
334.059104894
334.04269395
334.04269395
334.047396501
334.033327236
334.042713144
334.04973818
334.035668915
334.030985558
334.016916292
334.023941328
334.023941328
333.991119441
333.974708497
333.991138635
334.012252129
333.986474472
333.981791115
333.984132793
334.007587967
333.991177023
333.99586038
333.98881615
333.998182864
333.995841186
333.986455278
333.981771921
334.002885415
334.021638038
334.021638038
334.02399891
334.045093211
334.049776568
334.063845833
334.059143282
334.038029787
334.030985558
334.014574614
334.016916292
333.986436084
334.009891257
333.991138635
333.988796956
333.970044334
333.984113599
333.970044334
333.993499507
333.972386013
333.948930839
333.958297553
333.967664267
333.97002514
333.981752727
333.974708497
333.977050176
333.991119441
333.991119441
333.984075211
333.988777762
334.026283006
334.00751119
334.009852869
334.023922134
334.03564972
334.023922134
334.028605491
334.016877904
334.014536226
334.026263812
334.019238777
334.005169512
333.986397695
333.974670109
333.974670109
333.962942522
333.953575808
333.934823186
333.958278359
333.932481508
333.911387207
333.920773115
333.94188661
333.946589161
333.948930839
333.941905804
333.948950033
333.937222447
333.946608355
333.941924998
333.953652585
333.965380171
333.984151987
334.012290518
334.002923804
334.019353941
334.019353941
334.040448242
334.024037298
334.026378977
334.047473278
334.054498313
334.049795762
334.047454083
334.035726497
334.061523349
334.056839992
334.0662259
334.077953486
334.080295165
334.061523349
334.061523349
334.047454083
334.040429048
334.045112405
334.019315553
334.007587967
334.012290518
333.995879574
334.042770726
334.007607161
334.009968033
334.038106564
334.054517507
334.073289323
334.047492472
334.054517507
334.028720655
334.005265482
334.012309712
334.005284676
334.002942998
333.988854538
333.981810309
333.984151987
334.016973875
334.021657232
334.000543737
334.012252129
333.970044334
333.991138635
333.995821992
333.960658426
333.960658426
333.967683461
333.94188661
333.925475666
333.94188661
333.923133988
333.90670385
333.930159023
333.946569967
333.932500702
333.939544931
333.925475666
333.911406401
333.923133988
333.927817345
333.951272518
333.941905804
333.958335942
333.972405207
334.007568772
333.995841186
334.005227094
334.033365624
334.066187512
334.056801603
334.084940134
334.099028593
334.10371195
334.099028593
334.117800409
334.096686914
334.084959328
334.092003557
334.061523349
334.047454083
334.033384818
334.033384818
334.016954681
333.995841186
333.95363339
333.948950033
333.96067762
333.979430242
333.948950033
333.970063528
333.958335942
333.972405207
333.977088564
333.967702656
333.958316747
333.972386013
333.986455278
334.007549578
334.040371466
334.101351077
334.091965169
334.103692756
334.120122894
334.13185048
334.13185048
334.09666772
334.080237583
334.06148496
334.070870869
334.042732338
334.047415695
334.042713144
334.023960522
334.012232935
334.031004752
334.012252129
334.021638038
333.993499507
333.991157829
333.951291712
333.970063528
333.95363339
333.925475666
333.918450631
333.937222447
333.963019299
333.955994263
333.958335942
333.937222447
333.991157829
334.000543737
333.981791115
333.981791115
334.009929645
334.000543737
334.038048981
334.056801603
334.089642685
334.084959328
334.091984363
334.082598455
334.101370271
334.099028593
334.082598455
334.080256777
334.087281812
334.091965169
334.09666772
334.127147929
334.101351077
334.087281812
334.103692756
334.122445378
334.106034434
334.117762021
334.134192159
334.124825445
334.061504155
334.059143282
334.061504155
334.052118246
334.056801603
334.087301006
334.101389466
334.103731144
334.103731144
334.103731144
334.099028593
334.075592614
334.066206706
334.077934292
334.073250935
334.070909257
334.073250935
334.075592614
334.054479119
334.047434889
334.10371195
334.141236388
334.13185048
334.150622296
334.127167123
334.101370271
334.129508802
334.110736985
334.117781215
334.084959328
334.070890063
334.082617649
334.068548384
334.091984363
334.09666772
334.087281812
334.073212547
334.066168317
334.056782409
334.047396501
334.012213741
333.979391854
333.993461119
333.977050176
334.007549578
333.988777762
333.937184059
333.96298091
333.970005946
333.988758568
334.01455542
334.019238777
334.009852869
333.969986752
333.967645073
333.953575808
333.97937266
334.000486155
333.995802798
333.991119441
334.016916292
334.019257971
334.012213741
334.023941328
333.993441925
334.019238777
334.021580455
333.974689303
333.977050176
333.984094405
333.979411048
333.97706937
334.012252129
334.000543737
333.998202058
333.99586038
333.993518701
333.979449436
333.960696814
333.986493666
333.970082722
333.972424401
333.967741044
333.972424401
333.988854538
334.005265482
333.123565941
332.991247404
332.05135001
330.31865569
131.015337464
128.972788704
126.823456616
0.0
0.0
0.0
0.0
0.0
0.0
0.0
0.0
0.0
0.0
0.0
0.0
0.0
267.300937932
253.273824799
240.48773424
227.193999923
144.478615191
0.0
0.0
198.684478908
197.834985971
197.266688974
197.114682485
197.694094866
131.455376286
52.6676419866
52.4666867616
0.0
0.0
0.0
0.0
0.0
0.0
0.0
0.0
0.0
0.0
0.0
0.0
0.0
0.0
0.0
0.0
0.0
0.0
198.991649934
200.507755348
200.990713149
201.314710972
201.197510666
134.480192403
134.199911525
53.7249783714
53.3163402696
0.0
0.0
0.0
0.0
0.0
0.0
0.0
0.0
0.0
0.0
0.0
191.712178496
191.077222157
189.757343619
189.83489267
126.719202685
125.593327011
50.0118932076
49.4984876339
0.0
0.0
0.0
0.0
0.0
0.0
0.0
0.0
0.0
0.0
0.0
0.0
0.0
186.850299683
188.32180864
187.648653492
187.560147628
188.590323382
125.777331429
50.5189642081
50.2038647895
0.0
0.0
0.0
0.0
0.0
0.0
0.0
0.0
0.0
0.0
0.0
0.0
186.502784199
185.318415335
185.145272433
185.133690594
122.477155045
123.305005674
49.5180241761
49.0651654973
0.0
0.0
0.0
0.0
0.0
0.0
0.0
0.0
0.0
0.0
183.924326615
183.251790404
182.836807316
121.578417621
122.129756526
48.8982995681
48.8756826899
47.6328139131
0.0
0.0
0.0
0.0
0.0
0.0
0.0
0.0
0.0
0.0
0.0
0.0
0.0
179.308720102
178.352610892
118.439809942
117.891608747
47.0959098392
47.0969642921
48.1299766585
0.0
0.0
0.0
0.0
0.0
0.0
0.0
0.0
0.0
0.0
0.0
0.0
0.0
0.0
178.461238425
179.842582876
178.846630324
119.659270515
120.066518938
48.006627296
47.9998224486
47.1752158416
0.0
0.0
0.0
0.0
0.0
0.0
0.0
0.0
0.0
0.0
0.0
173.025217939
173.930354821
173.831196957
174.073371536
172.920973718
115.339094805
114.973855745
46.0098538624
0.0
0.0
0.0
0.0
47.0735271121
47.0683093196
0.0
0.0
0.0
0.0
0.0
0.0
0.0
0.0
0.0
0.0
174.288869951
173.772432224
173.858958808
175.233895586
174.650019581
117.095393152
117.643865645
117.121432176
46.7456205867
46.2295837235
0.0
0.0
0.0
0.0
0.0
0.0
0.0
0.0
0.0
0.0
0.0
173.862095713
173.956827912
172.98676761
173.31736032
171.835176446
114.504399293
114.166062225
45.9245145123
45.5527939911
0.0
0.0
0.0
0.0
0.0
0.0
0.0
0.0
0.0
0.0
0.0
0.0
165.132641202
164.577192641
164.969365852
165.293816025
165.117577575
110.195246908
109.715182045
44.7372262413
44.0132514204
0.0
0.0
0.0
0.0
0.0
0.0
0.0
0.0
0.0
0.0
0.0
0.0
164.186419702
164.428395036
164.039090771
162.997765691
108.898859541
108.440043677
108.621875702
44.167347932
43.4705434955
0.0
0.0
0.0
0.0
0.0
0.0
0.0
0.0
0.0
0.0
0.0
0.0
0.0
161.758992654
162.00629406
162.980036766
163.16782877
163.385272199
108.952347899
110.552799551
43.999828299
0.0
0.0
0.0
0.0
0.0
0.0
0.0
0.0
0.0
0.0
0.0
0.0
0.0
0.0
160.546623594
161.433324557
160.42919203
161.08432766
107.74914319
108.725287997
108.639717658
43.6035938836
0.0
0.0
0.0
0.0
0.0
0.0
0.0
0.0
0.0
0.0
0.0
159.217295867
159.952849274
159.721858261
159.736465321
159.50548061
105.795705394
105.838327965
42.1481321045
0.0
0.0
0.0
0.0
0.0
0.0
0.0
0.0
0.0
0.0
0.0
0.0
0.0
0.0
154.371220163
154.733091499
154.805481925
154.470795721
101.933644678
102.263151227
40.9853634096
102.247675353
103.785321186
103.743516515
41.5520339115
40.8529578884
0.0
0.0
0.0
0.0
0.0
0.0
0.0
0.0
0.0
0.0
0.0
0.0
149.434839868
149.682477027
150.878213233
151.897654193
151.18519772
100.528942367
100.11444603
40.6240754677
40.7767620934
0.0
0.0
0.0
0.0
0.0
0.0
0.0
0.0
0.0
0.0
0.0
0.0
0.0
152.615534175
150.975137889
149.436143961
149.332181701
100.099921478
100.118202222
40.1476455053
39.335071012
0.0
0.0
0.0
0.0
0.0
0.0
0.0
0.0
0.0
0.0
0.0
0.0
0.0
144.963194338
146.083587597
146.471574206
145.866662485
98.2465337164
98.9843695243
40.4120247619
40.301234721
39.5878401388
0.0
0.0
0.0
0.0
0.0
0.0
0.0
0.0
0.0
0.0
0.0
0.0
140.227974435
140.714483429
139.26604992
138.479435091
136.859500847
135.693025026
90.3891836748
37.1883963781
37.0446227994
37.0813528132
0.0
0.0
0.0
0.0
0.0
0.0
0.0
0.0
0.0
0.0
0.0
0.0
0.0
138.813044098
139.407251969
140.015648566
140.258387509
93.2793865517
94.110025575
37.6516711537
37.5910512454
0.0
0.0
0.0
0.0
0.0
0.0
0.0
0.0
0.0
0.0
0.0
0.0
141.6855858
141.598943339
142.247529774
141.496454944
141.065772526
93.3640557481
93.8466681746
37.790036632
0.0
0.0
0.0
0.0
0.0
0.0
0.0
0.0
0.0
0.0
0.0
0.0
0.0
0.0
137.589650505
138.60604863
138.57988301
138.276245389
91.1580351914
90.7673314045
36.7006242583
35.795467081
0.0
0.0
0.0
0.0
0.0
0.0
0.0
0.0
0.0
0.0
0.0
0.0
0.0
0.0
133.256385635
133.8566183
135.543808482
135.952655625
91.104004055
92.0281766241
36.527271342
36.2532518132
0.0
0.0
0.0
0.0
0.0
0.0
0.0
0.0
0.0
0.0
0.0
0.0
0.0
135.559932192
134.930468226
135.001833058
88.7948563939
89.8691361703
35.9941512733
36.1723273397
0.0
0.0
0.0
0.0
0.0
0.0
0.0
0.0
0.0
0.0
0.0
0.0
0.0
127.335782551
126.033050061
124.3657239
123.904302726
82.3997143147
82.1866492168
32.9092678086
32.9676920671
0.0
0.0
0.0
0.0
0.0
0.0
0.0
0.0
0.0
0.0
0.0
127.031361441
126.45406958
127.211130964
128.816723218
86.9187440502
86.1455571306
34.6071496906
33.861193535
0.0
0.0
0.0
0.0
0.0
0.0
0.0
0.0
0.0
0.0
0.0
0.0
0.0
0.0
120.227246733
119.207192425
118.763134881
119.721013531
78.6201901013
80.7084819892
32.2329338355
32.2377329496
0.0
0.0
0.0
0.0
0.0
0.0
0.0
0.0
0.0
0.0
0.0
0.0
0.0
120.526306459
120.721429028
119.880540485
120.58020797
120.387057811
80.0774255815
80.3043696294
31.8069946143
32.1980697271
0.0
0.0
0.0
0.0
0.0
0.0
0.0
0.0
0.0
0.0
0.0
0.0
125.059713367
125.704345248
126.908389628
126.004896422
84.038385879
84.003596981
84.6794397104
33.819027652
34.2463644615
0.0
0.0
0.0
0.0
0.0
0.0
0.0
0.0
0.0
0.0
0.0
0.0
0.0
121.114941527
121.91063502
123.073098421
122.437400245
81.3939544911
80.4914749659
31.9005310248
31.6209449055
0.0
0.0
0.0
0.0
0.0
0.0
0.0
0.0
0.0
0.0
0.0
0.0
0.0
114.169215643
113.812690437
114.675581279
114.871548531
77.3271106373
77.4605703183
31.1524624593
30.3330554825
0.0
0.0
0.0
0.0
0.0
0.0
0.0
0.0
0.0
0.0
0.0
0.0
0.0
112.659786658
113.497027039
113.227516932
112.985394495
111.180896079
74.2462754405
76.0144508426
30.481722933
30.3161968206
0.0
0.0
0.0
0.0
0.0
0.0
0.0
0.0
0.0
0.0
0.0
0.0
0.0
109.321083414
109.609127706
109.944939775
110.191586147
74.0018692876
73.5116603979
29.6392146508
29.8216340427
0.0
0.0
0.0
0.0
0.0
0.0
0.0
0.0
0.0
0.0
0.0
0.0
109.467636312
108.701580354
109.226689801
109.21682039
72.0874206014
73.0815873181
29.2478615294
28.7699273144
0.0
0.0
0.0
0.0
0.0
0.0
0.0
0.0
0.0
0.0
0.0
0.0
109.222492916
109.630888282
109.978509441
109.354003709
108.529912856
106.432441925
71.0132744936
28.4711127211
28.2344245248
27.4817584222
0.0
0.0
0.0
0.0
0.0
0.0
0.0
0.0
0.0
0.0
0.0
0.0
99.2891561751
98.750406612
99.5498028442
66.8181462466
66.1797136528
66.2537494936
26.7762498483
27.3348741688
0.0
0.0
0.0
0.0
0.0
0.0
0.0
0.0
0.0
0.0
0.0
0.0
101.231724637
101.021103992
101.429077661
101.519587734
102.771855966
69.325784966
27.7235752966
27.8754547011
27.7205702484
0.0
0.0
0.0
0.0
0.0
0.0
0.0
0.0
0.0
0.0
0.0
0.0
0.0
98.7156677498
98.0541053995
97.3159526295
97.1586328162
96.3187595543
65.3690413994
67.2774190011
26.8875592765
26.7703719326
26.9669667969
0.0
0.0
0.0
0.0
0.0
0.0
0.0
0.0
0.0
0.0
97.8480930853
97.913892921
98.1388612916
97.0816380658
64.3484473138
63.7280991779
25.1773029749
24.2025680184
0.0
0.0
0.0
0.0
0.0
0.0
0.0
0.0
0.0
0.0
0.0
0.0
0.0
0.0
91.9599323429
91.6234550729
91.8733244758
91.8823858766
61.3481654948
63.1704983957
25.3396471003
25.1245734695
0.0
0.0
0.0
0.0
0.0
0.0
0.0
0.0
0.0
0.0
0.0
0.0
0.0
0.0
91.3378579218
91.3381015022
91.4937035914
91.5169759212
90.5596137959
60.9771741551
60.8718181517
24.4950561938
24.1545100007
0.0
0.0
0.0
0.0
0.0
0.0
0.0
0.0
0.0
0.0
0.0
0.0
0.0
87.8739092558
88.4745144864
88.9450299362
89.0210062185
88.9677915475
59.8206009066
61.2092618612
24.4164489918
23.5517039793
0.0
0.0
0.0
0.0
0.0
0.0
0.0
0.0
0.0
0.0
0.0
0.0
0.0
0.0
0.0
0.0
0.0
78.2915449809
78.5335786129
80.8880195434
81.6017335183
55.076777151
55.3950651864
22.0722910961
21.7818163722
0.0
0.0
0.0
0.0
0.0
0.0
0.0
0.0
0.0
0.0
0.0
0.0
81.8241655754
81.7487348956
81.8916244837
82.0463641282
81.4813948705
81.7302588756
55.3738669656
56.3313449984
22.5076889157
22.0842233537
0.0
0.0
0.0
0.0
0.0
0.0
0.0
0.0
0.0
0.0
0.0
0.0
0.0
0.0
82.3507451997
82.3405944663
82.1374685394
81.9655228325
55.492603231
57.3872426416
23.0957100105
0.0
0.0
0.0
0.0
0.0
0.0
0.0
0.0
0.0
0.0
0.0
0.0
0.0
81.7200997562
79.8030814525
78.1830081232
79.2075336538
52.8750941727
52.0430836816
51.6223462111
21.5539357311
21.0678883573
0.0
0.0
0.0
0.0
0.0
0.0
0.0
0.0
0.0
0.0
0.0
0.0
75.961809565
76.7432584672
74.7891179415
73.0755419108
73.6403421494
48.7032669289
48.7358829823
19.9803679472
19.2580437795
0.0
0.0
0.0
0.0
0.0
0.0
0.0
0.0
0.0
0.0
0.0
0.0
0.0
69.5244590357
70.5199327413
70.5783447159
70.8381855898
70.4738307717
46.7716983616
19.4635653922
19.3378664166
0.0
0.0
0.0
0.0
0.0
0.0
0.0
0.0
0.0
0.0
0.0
0.0
0.0
69.541612497
69.1891233484
70.1017131226
69.9572277072
46.9450410358
46.8927451259
18.9857264502
0.0
0.0
0.0
0.0
0.0
0.0
0.0
0.0
0.0
0.0
0.0
0.0
0.0
69.8708577149
69.2910365316
68.5611718826
68.9713504361
45.7285030725
45.5432047508
18.2161034221
0.0
0.0
0.0
0.0
0.0
0.0
0.0
0.0
0.0
0.0
0.0
0.0
0.0
0.0
69.6531837077
69.6291386044
69.05675957
68.9005835237
46.2632430311
45.8982971349
18.5260137247
18.0746145222
0.0
0.0
0.0
0.0
0.0
0.0
0.0
0.0
0.0
0.0
0.0
0.0
0.0
0.0
63.2634597221
63.8735050054
63.0344874559
63.8766930892
42.1924073337
43.3510994542
17.3561517173
17.3083048717
0.0
0.0
0.0
0.0
0.0
0.0
0.0
0.0
0.0
0.0
0.0
0.0
0.0
0.0
67.0518909354
66.5029881305
67.1934103683
67.3530949251
67.5104919478
45.7950999424
46.0386845945
46.6307874412
18.8003914309
0.0
0.0
0.0
0.0
0.0
0.0
0.0
0.0
0.0
0.0
0.0
0.0
0.0
0.0
61.7646316429
61.6916066696
61.9106811666
61.0515542309
40.2828802403
40.1514272507
16.1354369467
15.4651384164
0.0
0.0
0.0
0.0
0.0
0.0
0.0
0.0
0.0
0.0
0.0
0.0
0.0
0.0
57.0225775721
58.1803838288
58.204914374
57.3964628337
37.1930705191
38.9307849065
15.7860891956
15.5808561149
16.0510131544
0.0
0.0
0.0
0.0
0.0
0.0
0.0
0.0
0.0
0.0
0.0
0.0
55.1371454633
55.0087227764
55.4887593524
38.1328805127
38.4398062221
38.0146358726
15.5124982484
14.3275572617
0.0
0.0
0.0
0.0
0.0
0.0
0.0
0.0
0.0
0.0
0.0
0.0
0.0
53.2587429737
53.519904372
52.8472953954
51.7779374964
35.2915661206
35.5575651681
15.1236165808
0.0
0.0
0.0
0.0
0.0
0.0
0.0
0.0
0.0
0.0
0.0
0.0
0.0
0.0
49.9720973132
49.0781528782
48.6376016922
47.7698962891
31.1507390914
12.5502972417
13.2581015138
12.2212153806
0.0
0.0
0.0
0.0
0.0
0.0
0.0
0.0
0.0
0.0
0.0
0.0
0.0
0.0
46.047577956
46.3962851568
46.0614461163
45.1909170341
30.3440660117
32.8322399462
13.0855670486
0.0
0.0
0.0
0.0
0.0
0.0
0.0
0.0
0.0
0.0
0.0
0.0
0.0
42.9346399908
41.9615041942
42.5072017335
42.015085635
27.5775981444
26.8807799099
10.6749687927
10.9501000897
0.0
0.0
0.0
0.0
0.0
0.0
0.0
0.0
0.0
0.0
0.0
0.0
43.8457943235
43.2835405992
42.2758189215
42.9238465797
29.1348633635
29.53484057
11.5593438264
12.0249205267
0.0
0.0
0.0
0.0
0.0
0.0
0.0
0.0
0.0
0.0
0.0
0.0
0.0
0.0
38.1881312075
39.076250957
38.6749902085
39.4963842958
26.4173597077
26.4882022637
10.2205827608
9.50931198039
0.0
0.0
0.0
0.0
0.0
0.0
0.0
0.0
0.0
0.0
0.0
0.0
34.0147645308
33.3193535528
33.4266320951
31.8256736406
32.4333560459
21.0965506412
21.6286222169
9.51928940018
9.07471450695
0.0
0.0
0.0
0.0
0.0
0.0
0.0
0.0
0.0
0.0
0.0
0.0
0.0
31.6166426983
32.2458869379
32.1016080737
33.3395615289
23.0093120612
23.2220256518
25.0025843908
9.96751154317
9.70977276293
0.0
0.0
0.0
0.0
0.0
0.0
0.0
0.0
0.0
0.0
0.0
0.0
0.0
37.1129376265
37.2678624796
36.1612621807
36.3616162844
23.2992993955
24.0414774595
24.1240832211
9.74205201149
8.80891516601
0.0
0.0
0.0
0.0
0.0
0.0
0.0
0.0
0.0
0.0
0.0
0.0
0.0
28.7519325797
27.265517126
27.9812248508
27.2977087631
19.443359636
19.3301044545
8.57211592011
0.0
0.0
0.0
0.0
0.0
0.0
0.0
0.0
0.0
0.0
0.0
0.0
0.0
0.0
28.0878963752
27.9751101363
27.8623238973
25.8642081447
17.1144702855
17.1007976516
7.55816476187
0.0
0.0
0.0
0.0
0.0
0.0
0.0
0.0
0.0
0.0
0.0
0.0
0.0
26.9166553685
27.5481516187
27.4622489892
27.8301532842
28.1089617826
19.0343108856
7.50639161709
7.39396952501
0.0
0.0
0.0
0.0
0.0
0.0
0.0
0.0
0.0
0.0
0.0
0.0
0.0
0.0
0.0
0.0
0.0
0.0
0.0
0.0
18.3155573813
18.5156065282
18.7630384254
19.4661084201
19.7231188825
13.757505129
13.4762787754
5.5168086547
4.86912900844
0.0
0.0
0.0
0.0
0.0
0.0
0.0
0.0
0.0
0.0
0.0
0.0
0.0
20.1137827375
19.9457599294
19.5453142133
18.464567489
18.0508493489
11.9259387054
13.7570931509
5.66412421168
5.1219385096
0.0
0.0
0.0
0.0
0.0
0.0
0.0
0.0
0.0
0.0
0.0
0.0
10.9964210454
10.6412367034
10.0528595414
10.6370707307
7.25112871324
7.22690639838
2.56887210121
2.80365494633
0.0
0.0
0.0
0.0
0.0
0.0
0.0
0.0
0.0
0.0
0.0
0.0
0.0
0.0
17.3723432693
16.8415708543
17.3427371111
16.4610347788
11.4271257076
11.427899154
11.3375394615
4.60950134883
4.01196383663
0.0
0.0
0.0
0.0
0.0
0.0
0.0
0.0
0.0
0.0
0.0
0.0
0.0
0.0
0.0
0.0
0.0
12.1061749164
12.3579247668
14.6234298991
14.2521359892
14.7447656045
9.61620539414
8.67019941115
8.6531001076
3.62708854057
3.20016384139
0.0
0.0
0.0
0.0
0.0
0.0
0.0
0.0
0.0
0.0
0.0
0.0
0.0
11.0350752634
10.3936273127
10.6218155629
11.393342555
11.1526984922
7.85579789474
3.61263448657
3.71492645656
0.0
0.0
0.0
0.0
0.0
0.0
0.0
0.0
0.0
0.0
0.0
0.0
0.0
12.3364375624
12.7944353167
13.3078909452
13.0997351651
8.43450181096
8.52390877251
3.25894931081
3.0514263852
0.0
0.0
0.0
0.0
0.0
0.0
0.0
0.0
0.0
0.0
0.0
0.0
0.0
0.0
6.06388759986
5.76879106067
5.81748323603
5.4659600943
4.71930921423
3.45061714038
3.40988896186
1.31676576897
1.33139970357
0.0
0.0
0.0
0.0
0.0
0.0
0.0
0.0
0.0
0.0
0.0
0.0
0.0
7.34968442774
6.17213462178
6.83578297161
7.53491015727
7.48520198793
4.60307001323
4.34097634381
4.24202715444
1.64965546167
1.74965277388
0.0
0.0
0.0
0.0
0.0
0.0
0.0
0.0
-0.0
-0.0
-0.0
-0.0
-0.0
-0.0
0.0154385073605
0.202676890959
1.34117060252
0.913628136729
1.04758392047
1.12751979417
0.504859743826
0.0319835239041
-0.0
-0.0
0.0
0.0
0.0
0.0
0.0
0.0
0.0
0.0
-0.0
-0.0
-1.47519653996
-1.54553326861
-1.77416362563
-0.891283648547
-1.80229255886
-2.79771706001
-2.45138967955
-0.995191946603
-0.413649524828
0.0577827671098
0.0
0.0
0.0
-0.0
-0.0
0.0
0.0
0.0
0.0
0.0
0.0
1.54695344915
1.52698092995
1.49334322409
1.83991945164
3.06803937545
2.99043279362
1.17661720892
0.870986605453
0.0
0.0
0.0
0.0
0.0
0.0
0.0
0.0
-0.0
-0.0
-0.0
0.0
0.0
0.0
0.159433406506
0.0811254758667
-0.788534286195
-1.11427617552
-1.48007706911
-1.09082100226
-0.454148190473
-0.890306926213
-0.0
-0.0
-0.0
-0.0
-0.0
-0.0
-0.0
-0.0
-0.0
-0.0
-0.0
-0.0
-0.0
-0.0
-0.0
-0.0
-0.0
-0.0
-3.43711663518
-2.05476814865
-1.7628260985
-0.851817188188
-0.0428440397771
0.650072066807
0.690621428604
1.31290731005
0.605659694074
0.837688827642
0.283080713005
0.0
-0.0
-0.0
-0.0
-0.0
-0.0
-0.0
-0.0
-0.0
-0.0
-0.0
-0.0
-0.0
-1.74577908809
-1.79149940126
-1.98143448063
-2.75174114252
-2.67435058722
-2.79394893793
-0.841795213297
-0.1695990635
-0.0687533349368
-0.147564181578
0.066296326159
-0.482424876316
-0.0
-0.0
-0.0
-0.0
-0.0
-0.0
-0.0
-0.0
-0.0
-0.0
-0.0
-0.0
-0.0
-0.0
-0.0
-0.0
-0.0
-7.22939764377
-7.47210686297
-5.34055561225
-5.10841273747
-4.55971139707
-3.10545137264
-2.42072154379
-0.907320522311
-0.915765920211
-0.0
-0.0
-0.0
-0.0
-0.0
-0.0
-0.0
-0.0
-0.0
-0.0
-0.0
-0.0
-0.0
-0.0
-0.0
-0.0
-0.553425768153
-2.02721488104
-1.13028483291
0.695245505482
0.149190014279
1.4650852102
1.04966114517
1.09510199932
1.63344965928
0.619462768048
0.0
0.0
0.0
0.0
0.0
0.0
-0.0
-0.0
-0.0
-0.0
-0.0
-0.0
-0.0
-0.0
-0.0
-0.0
-6.25228435013
-5.86538915587
-4.59207267564
-5.29204260888
-4.77849523724
-3.91320664011
-3.5861106212
-2.71669438491
-3.00278223878
-2.55724911137
-2.06480563745
-0.537028225715
-0.935666361875
-0.0
-0.0
-0.0
-0.0
-0.0
-0.0
-0.0
-0.0
-0.0
-0.0
-0.0
-0.0
-0.0
-0.0
-0.0
-0.0
-0.0
-8.56680322695
-9.22456536477
-7.03675624759
-7.37090609315
-7.02267738541
-6.9558243834
-3.91027863133
-3.32169197995
-3.08719782961
-0.960994877941
-1.38214383832
-1.20486725876
-0.0
-0.0
-0.0
-0.0
-0.0
-0.0
-0.0
-0.0
-0.0
-0.0
-0.0
-0.0
-0.0
-0.0
-0.0
-0.0
-0.0
-0.0
-0.0
-6.2804420745
-5.76689470286
-4.03634629972
-3.3680466086
-3.2590146023
-3.36102157308
-1.4996933534
-0.85250715704
-0.439815111011
-0.0716533448195
0.115785676704
-0.52777463219
-0.0
-0.0
-0.0
-0.0
-0.0
-0.0
-0.0
-0.0
-0.0
-0.0
-0.0
-0.0
-0.0
-0.0
-0.0
-0.0
-0.0
-8.19429593227
-7.26218312424
-5.03919124717
-3.60058489417
-3.74479966036
-3.80811135348
-2.83027823228
-2.37301751824
-1.91030732811
-2.39102321541
-1.59844181656
-0.391749982555
-0.742548778428
-0.0
-0.0
-0.0
-0.0
-0.0
-0.0
-0.0
-0.0
-0.0
-0.0
-0.0
-0.0
-0.0
-0.0
-0.0
-0.0
-0.0
-0.0
-3.06247868932
-1.10329992916
-0.389251133737
0.15321048429
-0.0725962400791
0.110304206719
0.310268810477
-0.0
-0.0
-0.0
-0.0
-0.0
-0.0
-0.0
-0.0
-0.0
-0.0
-0.0
-0.0
-0.0
-0.0
-0.0
-0.0
-0.0
-0.0
-0.0
-0.0
-0.0
-4.07652180698
-5.12117913906
-4.37548889264
-3.46096746457
-2.06808142474
-0.515793225286
-0.417308369318
-0.0271673677473
-0.281358489275
-0.0
-0.0
-0.0
-0.0
-0.0
-0.0
-0.0
-0.0
-0.0
-0.0
-0.0
-0.0
-0.0
-0.0
-0.0
-0.0
-0.0
-7.79786163015
-7.89635608316
-7.2667516697
-7.02407124163
-6.07787957143
-5.1493080723
-4.43880058577
-2.17130234868
-1.16063774314
-0.368037150205
0.0282631462636
0.230605714486
-0.680089481881
-0.0
-0.0
-0.0
-0.0
-0.0
-0.0
-0.0
-0.0
-0.0
-0.0
-0.0
-0.0
-0.0
-0.0
-0.0
-0.0
-0.0
-0.0
-4.39696979315
-0.292160920092
-0.0564767364172
0.228440278199
0.852094455053
1.13623680745
0.478754417413
0.294045418214
0.120503091541
-0.0
-0.0
-0.0
-0.0
-0.0
-0.0
-0.0
-0.0
-0.0
-0.0
-0.0
-0.0
-0.0
-0.0
-0.0
-0.0
-0.0
-0.0
-0.0
-12.4881336615
-9.36818294513
-8.11245784484
-6.81101243138
-6.90248184886
-5.88595345001
-3.91692473706
-3.31895217755
-2.67879101671
-2.72570136323
-1.22252779878
-1.66055987732
-1.80875357757
-0.0
-0.0
-0.0
-0.0
-0.0
-0.0
-0.0
-0.0
-0.0
-0.0
-0.0
-0.0
-0.0
-0.0
-0.0
-0.0
-0.0
-0.0
-0.0
-10.0645827784
-9.80076966144
-8.46768279698
-7.52854495343
-6.33967285516
-4.74979790931
-4.83421350014
-2.36926718367
-1.39846869504
-0.969327317191
-0.852070644981
-0.277042470942
-1.01522399086
-0.0
-0.0
-0.0
-0.0
-0.0
-0.0
-0.0
-0.0
-0.0
-0.0
-0.0
-0.0
-0.0
-0.0
-0.0
-0.0
-0.0
-0.0
-0.0
-0.0
-2.23480639984
-1.73530909925
-1.29563976516
-0.690651767166
-1.11978354797
0.135912761189
1.03289571016
1.49240017582
1.67305095272
0.857297502024
-0.19547147959
-0.0
-0.0
-0.0
-0.0
-0.0
-0.0
-0.0
-0.0
-0.0
-0.0
-0.0
-0.0
-0.0
-0.0
-0.0
-0.0
-0.0
-0.0
-11.7073039765
-8.10550492181
-8.34470162325
-7.13823814503
-6.25889947684
-5.65742399661
-6.43826821179
-4.8268300772
-4.43287145924
-3.94513053642
-3.63326502487
-1.17284970095
-1.31447902374
-2.30216830817
-0.0
-0.0
-0.0
-0.0
-0.0
-0.0
-0.0
-0.0
-0.0
-0.0
-0.0
-0.0
-0.0
-0.0
-0.0
-0.0
-0.0
-0.0
-0.0
-3.98316225106
-3.48015243272
-3.81781479604
-3.56456802355
-3.88112648916
-3.50125633042
-3.87056014474
-2.5686458432
-2.66947237767
-2.60615108751
-1.30321593399
-1.54239728016
-2.54415199091
-0.0
-0.0
-0.0
-0.0
-0.0
-0.0
-0.0
-0.0
-0.0
-0.0
-0.0
-0.0
-0.0
-0.0
-0.0
-0.0
-10.3882959742
-9.2591942602
-8.32002762552
-5.28097998225
-5.13676521606
-4.86592706363
-4.97147534329
-2.68820580574
-2.45605333392
-2.72573024414
-1.17377869472
-1.10718289346
-1.92696999
-0.0
-0.0
-0.0
-0.0
-0.0
-0.0
-0.0
-0.0
-0.0
-0.0
-0.0
-0.0
-0.0
-0.0
-0.0
-0.0
-0.0
-8.55228566482
-8.3236553078
-4.25051667686
-3.08977351182
-3.10736489177
-2.39518888678
-2.39284720827
-0.905552857407
-0.92711933259
-0.0
-0.0
-0.0
-0.0
-0.0
-0.0
-0.0
-0.0
-0.0
-0.0
-0.0
-0.0
-0.0
-0.0
-0.0
-0.0
-6.21317916366
-6.8568624393
-6.64933597999
-5.09113127627
-4.54594245364
-3.22690566023
-1.99579697541
-1.33755635246
-0.831062807484
-1.29770942964
-0.640083290864
-0.97963435226
-0.0
-0.0
-0.0
-0.0
-0.0
-0.0
-0.0
-0.0
-0.0
-0.0
-0.0
-0.0
-0.0
-0.0
-0.0
-0.0
-0.0
-0.0
-0.0
-0.0
-2.73440460404
-2.10128767282
-3.12838241609
-3.34296270205
-2.53396076251
-1.55612764131
-1.19030755363
-0.0783283314539
0.458645422311
0.235167018336
-0.586955625608
-0.0
-0.0
-0.0
-0.0
-0.0
-0.0
-0.0
-0.0
-0.0
-0.0
-0.0
-0.0
-0.0
-0.0
-0.0
-0.0
-0.0
-0.0
-4.07239182986
-1.01226908001
0.106266289613
0.262885235683
0.550783852759
0.429028141425
1.30980526905
1.05088167961
0.419538289191
0.930012497107
0.0
0.0
0.0
0.0
0.0
0.0
-0.0
0.0
0.0
-0.0
-0.0
-2.05914931768
-1.79533620077
-2.19279773945
-1.88677682713
-1.72848319876
-1.67922157669
-0.1491458062
0.0342370783907
-0.296792238777
-0.263026002445
-1.33700422051
-0.0
-0.0
-0.0
-0.0
-0.0
-0.0
-0.0
-0.0
-0.0
-0.0
-0.0
-0.0
-0.0
-0.0
-0.0
-0.0
-0.0
-0.0
-12.4811770533
-9.55821524295
-8.1583041676
-7.70101466243
-6.31518244926
-5.57300472061
-3.40111009626
-2.9719879125
-3.61919330295
-1.71125051201
-1.53491060385
-0.0
-0.0
-0.0
-0.0
-0.0
-0.0
-0.0
-0.0
-0.0
-0.0
-0.0
-0.0
-0.0
-0.0
-0.0
-0.0
-0.0
-6.25189954727
-4.98563689369
-5.27757894383
-4.20125136962
-3.32893773696
-2.35110461576
-1.16407774518
-0.784188392357
0.0248039501408
0.16569209374
0.0
0.0
0.0
0.0
-0.0
-0.0
-0.0
-0.0
-0.0
-0.0
-0.0
-0.0
-0.0
-0.0
-0.0
-0.0
-0.0
-7.40707469818
-7.03422957497
-6.75636638701
-7.77289478586
-7.48446525348
-6.9533265019
-5.85238251222
-3.25438295103
-3.43023916821
-2.90029044998
-1.1122768397
-1.28674340505
-1.80450003978
-1.96302015836
-0.0
-0.0
-0.0
-0.0
-0.0
-0.0
-0.0
-0.0
-0.0
-0.0
-0.0
-0.0
-0.0
-0.0
-0.0
-0.0
-0.0
-0.0
-0.0
-6.29202305518
-5.03278543713
-5.05388933484
-3.29869572509
-3.14043088785
-2.49674761221
-3.01732001937
-1.32192558498
-1.25178716802
-1.44173184443
-1.4323651304
-0.749285960316
-1.13947869858
-0.0
-0.0
-0.0
-0.0
-0.0
-0.0
-0.0
-0.0
-0.0
-0.0
-0.0
-0.0
-0.0
-0.0
-0.0
-0.0
-0.0
-0.0
-0.0
-0.0
-1.3394881738
-2.60572203625
-3.16850223883
-3.08759916576
-3.36549114485
-3.24940531189
-1.33616437068
-1.06884833305
-0.466933275608
-0.2943477307
-0.959369071902
-0.0
-0.0
-0.0
-0.0
-0.0
-0.0
-0.0
-0.0
-0.0
-0.0
-0.0
-0.0
-0.0
-0.0
-0.0
-0.0
-0.0
-0.0
-11.6524706551
-9.53851078437
-10.8645726133
-10.4459783858
-11.0685577637
-11.6102340686
-7.72842845911
-7.99810536933
-7.6932648933
-2.95911645252
-3.42528706135
-0.0
-0.0
-0.0
-0.0
-0.0
-0.0
-0.0
-0.0
-0.0
-0.0
-0.0
-0.0
-0.0
-0.0
-0.0
-0.0
-0.0
-4.40309465028
-4.04081587149
-2.59869700072
-2.16254018439
-0.249081737406
-1.11573948548
-0.801513101338
-0.123627850964
-0.553214531611
-0.0
-0.0
-0.0
-0.0
-0.0
-0.0
-0.0
-0.0
-0.0
-0.0
-0.0
-0.0
-0.0
-0.0
-0.0
-0.0
-11.557517511
-10.7555693981
-10.7942646758
-8.04016283827
-7.01658061276
-6.95326891964
-6.7950040824
-6.06336390703
-3.80540677585
-4.05865354834
-3.91093586143
-3.66003076745
-1.46964001303
-2.46952138098
-0.0
-0.0
-0.0
-0.0
-0.0
-0.0
-0.0
-0.0
-0.0
-0.0
-0.0
-0.0
-0.0
-0.0
-0.0
-0.0
-0.0
-0.0
-0.0
-4.05141100704
-3.77003530131
-3.19668875432
-3.05598650589
-2.91531304859
-1.97968772281
-2.04907111798
-1.05481745609
-0.400587030111
-0.351354199169
-0.0992743944735
0.185872949176
-0.0
-0.0
-0.0
-0.0
-0.0
-0.0
-0.0
-0.0
-0.0
-0.0
-0.0
-0.0
-0.0
-0.0
-0.0
-0.0
-0.0
-6.60293766994
-6.04015746736
-6.45521038599
-5.08694076163
-5.44573581379
-4.71763694732
-3.25062038379
-2.64796446727
-0.868780452428
-0.867843781025
-0.0
-0.0
-0.0
-0.0
-0.0
-0.0
-0.0
-0.0
-0.0
-0.0
-0.0
-0.0
-0.0
-0.0
-0.0
-0.0
-0.0
-0.0
-8.17173750921
-6.69092336079
-5.62864585763
-5.30854608313
-4.52767307682
-3.43027039603
-1.6302748262
-1.58338367377
-1.39109731885
-0.542238859447
-0.00585272788647
-0.452330204334
-0.0
-0.0
-0.0
-0.0
-0.0
-0.0
-0.0
-0.0
-0.0
-0.0
-0.0
-0.0
-0.0
-0.0
-0.0
-0.0
-0.0
-5.26633828771
-6.80695161149
-4.1337240559
-3.64833440863
-3.73977503499
-3.10662931263
-2.42073824157
-0.401760306051
-0.682893122658
-0.469493272988
0.0213721638901
-0.162658919167
-0.766712165164
-0.0
-0.0
-0.0
-0.0
-0.0
-0.0
-0.0
-0.0
-0.0
-0.0
-0.0
-0.0
-0.0
-0.0
-0.0
-0.0
-0.0
-0.0
-10.346209528
-8.35184800793
-8.7282056489
-7.89809981165
-7.88050843171
-7.46896803085
-7.09612290764
-3.9240979411
-3.45276796193
-3.50200079287
-1.24697123321
-1.49459029965
-2.21964306465
-0.0
-0.0
-0.0
-0.0
-0.0
-0.0
-0.0
-0.0
-0.0
-0.0
-0.0
-0.0
-0.0
-0.0
-0.0
-0.0
-0.0
-0.0
-0.0
-4.0324588489
-4.00432991567
-2.99485534347
-2.07330887987
-2.06277132658
-2.23514381713
-2.99842544349
-2.38118132699
-2.44918597417
-2.49139376959
-1.0209493525
-1.26388506192
-2.00019323903
-0.0
-0.0
-0.0
-0.0
-0.0
-0.0
-0.0
-0.0
-0.0
-0.0
-0.0
-0.0
-0.0
-0.0
-0.0
-0.0
-0.0
-0.0
-14.222388044
-11.7883571899
-10.722567169
-12.6219755449
-11.3310964758
-11.1692903297
-10.7683162733
-9.28044829819
-5.5163241625
-4.70967349851
-4.02026031265
-1.45333836972
-1.47210250833
-1.95984726997
-2.34347563077
-0.0
-0.0
-0.0
-0.0
-0.0
-0.0
-0.0
-0.0
-0.0
-0.0
-0.0
-0.0
-0.0
-0.0
-0.0
-0.0
-0.0
-0.0
-0.0
-6.58263311826
-5.98818267356
-5.47814781969
-4.85908095951
-4.69022098673
-6.22029675721
-4.04601877625
-3.61923827099
-3.50434247138
-1.47021381025
-1.58464127417
-2.32845050014
-0.0
-0.0
-0.0
-0.0
-0.0
-0.0
-0.0
-0.0
-0.0
-0.0
-0.0
-0.0
-0.0
-0.0
-0.0
-0.0
-0.0
-9.13266343198
-7.83124680964
-5.0665786277
-5.57658469044
-5.52029803284
-3.76864573199
-4.43343290534
-3.38523426436
-2.70705852142
-3.01189899745
-2.43740080529
-0.854897474511
-1.07625903111
-1.70094975852
-0.0
-0.0
-0.0
-0.0
-0.0
-0.0
-0.0
-0.0
-0.0
-0.0
-0.0
-0.0
-0.0
-0.0
-0.0
-0.0
-0.0
-11.40845824
-10.6522304403
-7.71170604118
-7.31421571137
-8.21819958616
-8.92168203716
-4.93948429183
-4.90432072603
-4.47519854227
-1.86793063028
-1.80320817182
-2.39225164246
-0.0
-0.0
-0.0
-0.0
-0.0
-0.0
-0.0
-0.0
-0.0
-0.0
-0.0
-0.0
-0.0
-0.0
-0.0
-0.0
-0.0
-0.0
-11.1868241274
-8.74576823772
-8.2955325592
-7.72221480334
-7.76793511652
-8.09151861765
-5.42952850499
-4.92769912294
-4.48450767404
-1.93074903539
-2.2918742496
-2.25622699283
-0.0
-0.0
-0.0
-0.0
-0.0
-0.0
-0.0
-0.0
-0.0
-0.0
-0.0
-0.0
-0.0
-0.0
-0.0
-0.0
-7.56397875723
-8.49609156525
-6.25196699934
-5.67510793458
-5.3339330535
-4.5988091515
-3.45211605751
-1.82537817473
-1.40798357759
-1.2602466966
-0.370907076118
-0.314630015564
-0.815503532123
-0.0
-0.0
-0.0
-0.0
-0.0
-0.0
-0.0
-0.0
-0.0
-0.0
-0.0
-0.0
-0.0
-0.0
-0.0
-0.0
-0.0
-0.0
-0.0
-8.16191292856
-6.07611078215
-4.60583418702
-2.85064057728
-2.09271340644
-1.597928254
-1.22274145229
-0.507860719522
-0.862413878642
-1.45333836972
-0.0
-0.0
-0.0
-0.0
-0.0
-0.0
-0.0
-0.0
-0.0
-0.0
-0.0
-0.0
-0.0
-0.0
-0.0
-0.0
-0.0
-8.95686479705
-7.20167118731
-4.26111799705
-3.40990826209
-3.19184424949
-1.36813665477
-0.244917928128
0.784499299565
0.473678837465
0.0922914487481
-0.0
-0.0
-0.0
-0.0
-0.0
-0.0
-0.0
-0.0
-0.0
-0.0
-0.0
-0.0
-0.0
-0.0
-0.0
-0.0
-0.0
-0.0
-14.3057286893
-11.9842423592
-9.79991696864
-8.79041360531
-8.62860745918
-8.29445761362
-6.79605208526
-4.33607335674
-3.87645177011
-3.55283947784
-1.4961769903
-1.48680259863
-1.69597207171
-1.80008847255
-0.0
-0.0
-0.0
-0.0
-0.0
-0.0
-0.0
-0.0
-0.0
-0.0
-0.0
-0.0
-0.0
-0.0
-0.0
-0.0
-0.0
-0.0
-9.33214749244
-9.05077178671
-9.2829146615
-9.37438407898
-8.04480973228
-7.7036348512
-6.34593157126
-3.87418686794
-3.33014969048
-1.4530593952
-1.55154041235
-2.29629398736
-0.0
-0.0
-0.0
-0.0
-0.0
-0.0
-0.0
-0.0
-0.0
-0.0
-0.0
-0.0
-0.0
-0.0
-0.0
-0.0
-14.8332685497
-14.4674772531
-13.1167990087
-9.25469935487
-7.28144173253
-7.41511894543
-8.67786908125
-4.92231832962
-4.80037830039
-4.0312520748
-1.43803426457
-1.57967126499
-1.1557122904
-0.0
-0.0
-0.0
-0.0
-0.0
-0.0
-0.0
-0.0
-0.0
-0.0
-0.0
-0.0
-0.0
-0.0
-0.0
-0.0
-9.69442627123
-10.0813502566
-9.08943827324
-10.5350984529
-8.63571886809
-8.4915041019
-8.05885980333
-4.21887426679
-2.97607638351
-1.19605825946
-1.45213040143
-0.0
-0.0
-0.0
-0.0
-0.0
-0.0
-0.0
-0.0
-0.0
-0.0
-0.0
-0.0
-0.0
-0.0
-0.0
-5.49120931854
-5.77961005979
-7.4573843231
-7.74230133772
-6.31774505577
-6.6976152145
-3.32542794529
-3.37702164883
-2.30537743163
-0.821788935061
-1.55997813262
-1.68097765162
-0.0
-0.0
-0.0
-0.0
-0.0
-0.0
-0.0
-0.0
-0.0
-0.0
-0.0
-0.0
-0.0
-0.0
-0.0
-10.4471703443
-9.98288459474
-10.4049625489
-8.09050125433
-6.98955726465
-7.04935644
-4.71364022514
-4.6573439705
-4.74412043393
-1.57779792219
-2.03927749636
-0.0
-0.0
-0.0
-0.0
-0.0
-0.0
-0.0
-0.0
-0.0
-0.0
-0.0
-0.0
-0.0
-0.0
-0.0
-0.0
-0.0
-9.90195273054
-10.3451633735
-7.0282525423
-6.04690690333
-5.80773899303
-5.21682985722
-2.5586625923
-2.99248732716
-1.97713936461
-0.641717696559
-0.573248552491
-0.0
-0.0
-0.0
-0.0
-3.2996694817
-0.0
-0.0
-0.0
-0.0
-0.0
-0.0
-0.0
-0.0
-0.0
-0.0
-6.18763794289
-5.0093033979
-5.10776905979
-4.47111081967
-4.41482416207
-4.82282325404
-4.15452356293
-2.62430636688
-2.21862016229
-1.84109168207
-0.457861384271
-0.0
-0.0
-0.0
-0.0
-0.0
-0.0
-0.0
-0.0
-0.0
-0.0
-0.0
-0.0
-0.0
-0.0
-0.0
-0.0
-0.0
-6.61671214144
-5.92025472596
-6.27199595146
-4.29522581135
-5.19215585949
-5.42429873427
-3.24805658407
-3.22696228341
-3.18007113098
-1.60875414431
-0.0
-0.0
-0.0
-0.0
-0.0
-0.0
-0.0
-0.0
-0.0
-0.0
-0.0
-0.0
-0.0
-0.0
-0.0
-9.43763818984
-9.53613264286
-8.53014179729
-7.77742651535
-6.89808784716
-6.05039062997
-3.4356211938
-3.55990290154
-3.37231909772
-1.03095840815
-1.22137142026
-2.18373218862
-0.0
-0.0
-0.0
-0.0
-0.0
-0.0
-0.0
-0.0
-0.0
-0.0
-0.0
-0.0
-0.0
-0.0
-0.0
-11.8717554174
-11.7204868245
-11.2315558684
-10.0673001856
-6.9966110913
-5.86399685949
-3.16834354435
-2.61962300987
-2.12249617892
-0.740191036076
-0.819915592254
-0.0
-0.0
-0.0
-0.0
-0.0
-0.0
-0.0
-0.0
-0.0
-0.0
-0.0
-0.0
-0.0
-0.0
-0.0
-0.0
-4.94247918702
-5.98362400134
-5.07261509103
-4.60478803257
-4.7419489721
-2.32180756937
-1.7801312645
-1.77542871339
-0.956861558023
-1.64439372345
-0.0
-0.0
-0.0
-0.0
-0.0
-0.0
-0.0
-0.0
-0.0
-0.0
-0.0
-0.0
-0.0
-0.0
-0.0
-0.0
-0.0
-13.1062038732
-11.7801420442
-9.13155969526
-7.40803632764
-6.60254690587
-4.56116240487
-4.16488130249
-3.81314967403
-4.20474741939
-1.54214298778
-1.29169855186
-0.0
-0.0
-0.0
-0.0
-0.0
-0.0
-0.0
-0.0
-0.0
-0.0
-0.0
-0.0
-0.0
-0.0
-0.0
-0.0
-4.6715546612
-4.53439372166
-5.43132376979
-6.37400292224
-5.34690817896
-5.44186132308
-4.07344067613
-4.20710829199
-3.63026842132
-1.3179790946
-1.38926593051
-1.99801021116
-0.0
-0.0
-0.0
-0.0
-0.0
-0.0
-0.0
-0.0
-0.0
-0.0
-0.0
-0.0
-0.0
-0.0
-0.0
-0.0
-0.0
-0.0
-0.0
-10.0884328744
-10.0180673546
-8.94876481594
-7.9497990059
-6.53229655061
-5.00924581564
-3.27383424176
-2.05915569467
-1.39085600356
-0.425024141708
-0.778640629425
-0.0
-0.0
-0.0
-0.0
-0.0
-0.0
-0.0
-0.0
-0.0
-0.0
-0.0
-0.0
-0.0
-0.0
-0.0
-0.0
-0.0
-8.67432777235
-8.5266004884
-8.1432178119
-5.22730982825
-4.84743966951
-3.66913391565
-2.93851355694
-2.45545599114
-2.65946993269
-0.944661796875
-1.14444920066
-0.0
-0.0
-0.0
-0.0
-0.0
-0.0
-0.0
-0.0
-0.0
-0.0
-0.0
-0.0
-0.0
-0.0
-0.0
-0.0
-0.0
-7.08451040876
-6.59560824373
-4.79469432081
-4.05251659215
-4.2248890827
-3.56010190935
-4.4218491976
-2.22098103489
-2.20691176975
-2.35230697224
-0.691422702019
-0.0
-0.0
-0.0
-0.0
-0.0
-0.0
-0.0
-0.0
-0.0
-0.0
-0.0
-0.0
-0.0
-0.0
-7.21470389503
-7.24988665492
-7.2956069681
-7.0740016466
-6.58507069044
-4.48853198293
-4.15789465513
-3.98203843795
-1.40897441816
-1.62939162572
-2.39383833311
-2.4932636993
-0.0
-0.0
-0.0
-0.0
-0.0
-0.0
-0.0
-0.0
-0.0
-0.0
-0.0
-0.0
-0.0
-0.0
-0.0
-7.63672426692
-7.59802898927
-5.674032989
-2.77568759415
-1.29133213684
-1.05216422654
-0.509156462771
-0.133969661054
-0.137066783848
-0.390313556338
-0.0
-0.0
-0.0
-0.0
-0.0
-0.0
-0.0
-0.0
-0.0
-0.0
-0.0
-0.0
-0.0
-0.0
-0.0
-0.0
-7.13734213086
-7.77751288874
-7.55239504948
-6.83135000966
-6.31780263803
-6.32131515579
-3.72176662993
-2.70171611627
-2.87757233346
-0.931540719591
-0.924039670729
-0.0
-0.0
-0.0
-0.0
-0.0
-0.0
-0.0
-0.0
-0.0
-0.0
-0.0
-0.0
-0.0
-0.0
-0.0
-0.0
-4.93888029587
-4.32335474459
-4.62586313915
-4.43944057754
-3.59174336035
-3.94348458585
-2.34307208671
-2.12716034185
-1.69569647958
-1.28064356096
-0.384693527917
-0.731745638175
-0.0
-0.0
-0.0
-0.0
-0.0
-0.0
-0.0
-0.0
-0.0
-0.0
-0.0
-0.0
-0.0
-0.0
-0.0
-0.0
-0.0
-11.2842436348
-11.3159138769
-8.79746743196
-7.18297607065
-6.51467637953
-3.75218925646
-3.55990290154
-2.696975177
-2.78375164042
-0.829289983923
-1.09849088081
-1.22980914052
-0.0
-0.0
-0.0
-0.0
-0.0
-0.0
-0.0
-0.0
-0.0
-0.0
-0.0
-0.0
-0.0
-0.0
-11.8611602818
-13.0429785535
-12.0651166411
-12.7228787789
-10.6827969457
-10.5596860772
-6.1651162129
-5.97987408759
-2.16401602334
-2.23436618785
-2.80465319752
-0.0
-0.0
-0.0
-0.0
-0.0
-0.0
-0.0
-0.0
-0.0
-0.0
-0.0
-0.0
-0.0
-0.0
-0.0
-0.0
-7.37645245891
-8.4105722377
-6.92621678039
-4.15800728956
-3.58466074257
-2.93746494916
-3.28920617466
-1.54091536897
-0.727220475372
0.0794301886162
0.221456533982
0.607280985173
0.0
0.0
-0.0
-0.0
-0.0
-0.0
-0.0
-0.0
-0.0
-0.0
-0.0
-0.0
-0.0
-0.0
-0.0
-0.0
-0.0
-0.0
-11.4285212029
-13.3419796499
-11.8259827416
-11.7943124995
-10.7355763052
-10.2396203135
-9.61001590007
-6.61069120826
-6.37385537942
-5.97989676146
-2.38726766993
-2.51201387455
-3.32054555898
-3.64038813273
-0.0
-0.0
-0.0
-0.0
-0.0
-0.0
-0.0
-0.0
-0.0
-0.0
-0.0
-0.0
-0.0
-0.0
-0.0
-0.0
-0.0
-12.1178384184
-8.24871372898
-7.98844192096
-5.56948881168
-5.80632464052
-5.37954413527
-2.39006232887
-2.28876361988
-2.87124271306
-0.0
-0.0
-0.0
-0.0
-0.0
-0.0
-0.0
-0.0
-0.0
-0.0
-0.0
-0.0
-0.0
-0.0
-0.0
-0.0
-0.0
-0.0
-0.0
-9.49038875822
-8.39998232183
-8.6673079565
-8.87834693357
-8.39998232183
-8.49142294818
-7.63670069546
-4.68076423537
-4.59400696603
-4.47675029382
-1.78788242568
-2.60392283661
-2.72211234141
-0.0
-0.0
-0.0
-0.0
-0.0
-0.0
-0.0
-0.0
-0.0
-0.0
-0.0
-0.0
-0.0
-0.0
-0.0
-0.0
-0.0
-0.0
-8.11158158058
-7.22167656797
-7.29906712327
-6.83829389147
-6.18404427141
-6.67648774534
-3.95386499928
-3.24101583424
-3.6302719011
-3.67482137502
-1.47367523562
-1.78883445236
-2.62644133847
-0.0
-0.0
-0.0
-0.0
-0.0
-0.0
-0.0
-0.0
-0.0
-0.0
-0.0
-0.0
-0.0
-0.0
-0.0
-0.0
-0.0
-0.0
-10.411964013
-7.32722484764
-6.90863062012
-7.35886629863
-7.62970445107
-6.25792230895
-3.23399079872
-2.99481329136
-1.39677604892
-1.63032968904
-2.05241532082
-2.02708680476
-0.0
-0.0
-0.0
-0.0
-0.0
-0.0
-0.0
-0.0
-0.0
-0.0
-0.0
-0.0
-0.0
-0.0
-0.0
-0.0
-0.0
-0.0
-4.71016878513
-4.36899390405
-4.97752321093
-3.89065808343
-3.25402863444
-2.11438936711
-1.97017460092
-0.443496973877
0.00673870463596
-0.0249520040362
-0.307281655841
0.0
-0.0
-0.0
-0.0
-0.0
-0.0
-0.0
-0.0
-0.0
-0.0
-0.0
-0.0
-0.0
-0.0
-0.0
-0.0
-12.4430780506
-12.3340460443
-12.4676944661
-12.1159532406
-13.547534558
-12.1757524159
-7.95538132523
-7.86157982628
-7.04084070306
-2.78257004489
-2.6831446787
-2.92044500443
-0.0
-0.0
-0.0
-0.0
-0.0
-0.0
-0.0
-0.0
-0.0
-0.0
-0.0
-0.0
-0.0
-0.0
-0.0
-0.0
-0.0
-0.0
-8.82363003367
-7.36391978296
-6.05190802507
-4.50426966577
-3.96613466979
-4.3143345864
13.6423900476
-2.21729008052
-1.85148918692
-0.854094144914
-0.953519511103
-0.933826378727
-0.0
-0.0
-0.0
-0.0
-0.0
-0.0
-0.0
-0.0
-0.0
-0.0
-0.0
-0.0
-0.0
-0.0
-0.0
-0.0
-0.0
-8.85535785805
-6.89263778899
-6.57959184115
-6.55848794344
-5.55955092453
-2.41900073173
-2.2923581514
-1.95233491549
-0.723720234238
-1.04075279378
-1.23210247729
-0.0
-0.0
-0.0
-0.0
-0.0
-0.0
-0.0
-0.0
-0.0
-0.0
-0.0
-0.0
-0.0
-0.0
-0.0
-0.0
-0.0
-0.0
-3.82194869473
-3.23452328555
-3.67068010189
-2.60843138986
-2.71395087839
-1.15741183813
-1.31921798426
-1.0378326815
-0.188143809943
-0.628993580335
-0.0
-0.0
-0.0
-0.0
-0.0
-0.0
-0.0
-0.0
-0.0
-0.0
-0.0
-0.0
-0.0
-0.0
-0.0
-0.0
-10.6492179543
-10.3994836996
-10.5788812257
-8.12374647381
13.6423900476
-4.41453309104
-4.18706397623
-1.4206421466
-1.69921743516
-2.51244015424
-0.0
-0.0
-0.0
-0.0
-0.0
-0.0
-0.0
-0.0
-0.0
-0.0
-0.0
-0.0
-0.0
-0.0
-0.0
-0.0
-0.0
-0.0
-10.9411600045
-7.58555389558
-7.25842908555
-6.35798651965
-6.77303943828
-7.26899542997
-7.56444999787
-5.18602018923
-5.37362318713
-5.32202948359
-2.05846930656
-2.20197964979
-2.2132350619
-0.0
-0.0
-0.0
-0.0
-0.0
-0.0
-0.0
-0.0
-0.0
-0.0
-0.0
-0.0
-0.0
-0.0
-0.0
-11.4723275472
-10.3854336285
-10.0125885053
-9.74526287066
-9.19656153026
-9.18248266808
-5.45803877796
-4.9585702685
-4.68421000126
-5.20711448989
-1.9055692164
-2.5114958052
-2.77319565322
-0.0
-0.0
-0.0
-0.0
-0.0
-0.0
-0.0
-0.0
-0.0
-0.0
-0.0
-0.0
-0.0
-0.0
-0.0
-0.0
-0.0
-15.7388849841
-11.897889228
-9.2211491546
-8.493021497
-8.99249000646
-8.40509338841
-5.05233337928
-4.56927581348
-4.15892544596
-1.75361347527
-2.04063416172
-2.42145250831
-2.81539960982
-0.0
-0.0
-0.0
-0.0
-0.0
-0.0
-0.0
-0.0
-0.0
-0.0
-0.0
-0.0
-0.0
-0.0
-0.0
-0.0
-8.04629833625
-7.20916746348
-5.44343630045
-3.89576915001
-2.82649540246
-3.34706780962
-3.16415776578
-2.30172486544
-2.87388137909
-3.11307808053
-1.4121967487
-1.45628172574
-1.73767470614
-1.91026025105
-0.0
-0.0
-0.0
-0.0
-0.0
-0.0
-0.0
-0.0
-0.0
-0.0
-0.0
-0.0
-0.0
-0.0
-0.0
-0.0
-12.1722686893
-10.7969452383
-8.38753079959
-7.92324505003
-6.83989244029
-7.57501634229
-5.67209544859
-3.81892140413
-4.00886608054
-3.61961001368
-1.63731266855
-1.63824933995
-0.0
-0.0
-0.0
-0.0
-0.0
-0.0
-0.0
-0.0
-0.0
-0.0
-0.0
-0.0
-0.0
-0.0
-0.0
-0.0
-0.0
-11.6832801509
-10.3748097019
-9.80146315487
-8.84824644914
-8.22215455344
-4.74279035215
-4.11904013496
-3.97130325397
-1.64574271118
-1.52849755542
-0.0
-0.0
-0.0
-0.0
-0.0
-0.0
-0.0
-0.0
-0.0
-0.0
-0.0
-0.0
-0.0
-0.0
-0.0
-0.0
-0.0
-5.68260421075
-5.78106987264
-5.7845823904
-5.35545060959
-5.22882722335
-3.49825002907
-3.8570162901
-2.26416203887
-2.03905379665
-0.908482507392
-1.00509785937
-3.95253143773
-0.0
-0.0
-0.0
-0.0
-0.0
-0.0
-0.0
-0.0
-0.0
-0.0
-0.0
-0.0
-0.0
-0.0
-0.0
-0.0
-9.64325589988
-10.033692403
-9.16489128814
-5.68968682854
-5.33443308527
-4.80329433369
-2.81057928301
-2.92079172561
-2.31815500317
-0.984475733225
-0.0
-0.0
-0.0
-0.0
-0.0
-0.0
-0.0
-0.0
-0.0
-0.0
-0.0
-0.0
-0.0
-0.0
-0.0
-0.0
-0.0
-10.2798565577
-10.8707656936
-11.6692012887
-9.60096173108
-9.67835228639
-8.78844727378
-4.45670249828
-4.4637467279
-1.86992195962
-2.25074030621
-0.0
-0.0
-0.0
-0.0
-0.0
-0.0
-0.0
-0.0
-0.0
-0.0
-0.0
-0.0
-0.0
-0.0
-0.0
-0.0
-7.69107338412
-7.88803349901
-6.9523793821
-4.85601089127
-6.80465209814
-6.63230839872
-4.78735902016
-5.23055046906
-4.29257386773
-1.53975296753
-1.59509335668
-2.51617916222
-0.0
-0.0
-0.0
-0.0
-0.0
-0.0
-0.0
-0.0
-0.0
-0.0
-0.0
-0.0
-0.0
-0.0
-0.0
-0.0
-0.0
-0.0
-0.0
-8.25036986006
-7.75792638613
-7.41672271392
-6.21728427123
-5.57008847782
-4.307338342
-2.69100012638
-2.7683714876
-2.89265319533
-2.5526491535
-1.20959165307
-1.64668706022
-1.9571552423
-0.0
-0.0
-0.0
-0.0
-0.0
-0.0
-0.0
-0.0
-0.0
-0.0
-0.0
-0.0
-0.0
-0.0
-0.0
-0.0
-0.0
-0.0
-5.17962318354
-3.92741060101
-2.92844479097
-1.95061166977
-1.53204623338
-0.311503892984
-0.371817086632
0.162814988625
-0.00517972617551
-0.477914712458
-0.594223196813
-0.0
-0.0
-0.0
-0.0
-0.0
-0.0
-0.0
-0.0
-0.0
-0.0
-0.0
-0.0
-0.0
-0.0
-0.0
-0.0
-0.0
-10.0264431244
-8.19740026828
-7.92304959809
-6.878392266
-5.88999280038
-5.74929055196
-5.91812173362
-4.71455990875
-5.42506739528
-2.19629214558
-2.3201016788
-2.78064458157
-0.0
-0.0
-0.0
-0.0
-0.0
-0.0
-0.0
-0.0
-0.0
-0.0
-0.0
-0.0
-0.0
-0.0
-0.0
-0.0
-0.0
-10.8986991748
-10.1424713751
-8.31342851898
-8.02148646884
-6.83612688833
-4.67935795478
-5.21869258114
-4.39561177942
-1.62598978065
-1.61379769714
-2.13812638695
-0.0
-0.0
-0.0
-0.0
-0.0
-0.0
-0.0
-0.0
-0.0
-0.0
-0.0
-0.0
-0.0
-0.0
-0.0
-0.0
-0.0
-0.0
-14.0327863356
-10.427445972
-9.77673766084
-8.79890453964
-9.31596442904
-8.96422320354
-5.33832932003
-5.3266017334
-4.89279619262
-4.75444521975
-2.05372615139
-1.84830336392
-0.0
-0.0
-0.0
-0.0
-0.0
-0.0
-0.0
-0.0
-0.0
-0.0
-0.0
-0.0
-0.0
-0.0
-0.0
-12.6538927846
-12.1509117574
-12.0770337198
-10.2479908637
-10.0053104356
-9.23149125595
-5.5071413076
-5.52825480236
-5.61267039319
-2.32855475434
-2.59681130218
-2.60806671429
-0.0
-0.0
-0.0
-0.0
-0.0
-0.0
-0.0
-0.0
-0.0
-0.0
-0.0
-0.0
-0.0
-0.0
-0.0
-11.0781542832
-10.2058406505
-9.91386980925
-7.84565904278
-6.70250725769
-5.56992181701
-4.77148622188
-3.58431614658
-3.91495347438
-3.59134118211
-1.29771716427
-1.38682378975
-2.23474941657
-0.0
-0.0
-0.0
-0.0
-0.0
-0.0
-0.0
-0.0
-0.0
-0.0
-0.0
-0.0
-0.0
-0.0
-0.0
-0.0
-11.0148425901
-11.8941812582
-10.7721333709
-7.44114367745
-6.77989781299
-7.12107269407
-3.52800069786
-2.19608467265
-1.13382636357
-0.353168507837
-0.185266319946
-0.453522867795
-0.0
-0.0
-0.0
-0.0
-0.0
-0.0
-0.0
-0.0
-0.0
-0.0
-0.0
-0.0
-0.0
-0.0
-0.0
-0.0
-0.0
-0.0
-5.64725479005
-4.22272729923
-3.86044852044
-2.9424145746
-3.41372535969
-2.43059801707
-1.51607658899
-1.46684375805
-0.515458344942
-0.905658760836
-0.485446471858
-0.0
-0.0
-0.0
-0.0
-0.0
-0.0
-0.0
-0.0
-0.0
-0.0
-0.0
-0.0
-0.0
-0.0
-8.55268280268
-9.97372656687
-9.562186166
-9.85764073391
-8.92201540812
-9.16823714509
-8.77074681528
-5.01471702776
-5.2492111781
-1.84080231506
-2.00025910505
-2.87632326214
-0.0
-0.0
-0.0
-0.0
-0.0
9.05048833168
-0.0
-0.0
-0.0
-0.0
-0.0
-0.0
-0.0
-0.0
-12.1966320705
-11.6971635611
-11.2645192625
-9.65354041897
-10.0932097531
-8.03202402213
-2.74712769155
-1.55356263922
-0.78207554103
-0.209658164609
-0.704903975113
-0.0
-0.0
-0.0
-0.0
-0.0
-0.0
-0.0
-0.0
-0.0
-0.0
-0.0
-0.0
-0.0
-0.0
-0.0
-6.5336472849
-6.62508791125
-7.78231855853
-7.2898750846
-3.95537287343
-4.7713998485
-3.89557369807
-4.91912713245
-4.20098374599
-3.98760309041
-3.60537205908
-1.45246756434
-1.95146773809
-0.0
-0.0
-0.0
-0.0
-0.0
-0.0
-0.0
-0.0
-0.0
-0.0
-0.0
-0.0
-0.0
-0.0
-0.0
-0.0
-0.0
-8.05318550209
-7.7788348319
-5.47845239952
-5.23925569808
-4.73978718863
-4.22272729923
-3.42075039522
-2.22186233033
-1.80212605469
-1.51839907341
-0.541708177143
-0.655198969653
-1.58566684449
-0.0
-0.0
-0.0
-0.0
-0.0
-0.0
-0.0
-0.0
-0.0
-0.0
-0.0
-0.0
-0.0
-0.0
-0.0
-0.0
-0.0
-0.0
-9.25616525368
-5.87243021157
-4.70463321987
-4.13482798177
-3.66702971444
-4.33181688779
-2.9629076079
-3.22788196702
-2.55956308182
-0.85123968782
-1.17390763105
-1.33804777806
-0.0
-0.0
-0.0
-0.0
-0.0
-0.0
-0.0
-0.0
-0.0
-0.0
-0.0
-0.0
-0.0
-0.0
-0.0
-0.0
-9.31593563791
-9.44255902416
-8.34161503447
-7.581874717
-7.11053514078
-6.63217052904
-3.63589065603
-4.40033352461
-4.36515076472
-1.69447427999
-1.97211289714
-2.3285470767
-2.19722881699
-0.0
-0.0
-0.0
-0.0
-0.0
-0.0
-0.0
-0.0
-0.0
-0.0
-0.0
-0.0
-0.0
-0.0
-0.0
-0.0
-6.5020058339
-5.48547743505
-4.23326485252
-4.42671244965
-3.66697213218
-2.66975633033
-2.36491585431
-1.92640776242
-0.757426672418
-1.11573419479
-1.08477797267
-0.0
-0.0
-0.0
-0.0
-0.0
-0.0
-0.0
-0.0
-0.0
-0.0
-0.0
-0.0
-0.0
-0.0
-0.0
-0.0
-0.0
-6.9030374726
-4.39161606315
-4.25796764138
-4.85238929495
-5.49607257059
-6.26286671472
-3.45300940332
-2.97463519453
-2.15391526541
-0.913152132064
-0.0
-0.0
-0.0
-0.0
-0.0
-0.0
-0.0
-0.0
-0.0
-0.0
-0.0
-0.0
-0.0
-0.0
-0.0
-0.0
-8.1903176505
-7.79285611182
-8.38727776539
-8.55610894705
-9.59022872585
-9.70277324991
-9.61835765908
-6.9351621221
-6.91640949995
-7.66912478189
-3.42220307188
-3.71204145018
-0.0
-0.0
-0.0
-0.0
-0.0
-0.0
-0.0
-0.0
-0.0
-0.0
-0.0
-0.0
-0.0
-0.0
-0.0
-0.0
-0.0
-9.55161982159
-8.27481961472
-7.26531625139
-8.17983767947
-8.49993745397
-8.93609427031
-5.36880952882
-4.66532707781
-4.69814896511
-1.90458810211
-2.09500111422
-2.76376914104
-0.0
-0.0
-0.0
-0.0
-0.0
-0.0
-0.0
-0.0
-0.0
-0.0
-0.0
-0.0
-0.0
-0.0
-0.0
-0.0
-10.047518231
-9.55507475709
-8.01797395108
-6.09749046856
-4.83122781499
-3.94483532014
-2.29456952862
-1.62390896491
-1.26983565794
-0.934710929612
-0.0
-0.0
-0.0
-0.0
-0.0
-0.0
-0.0
-0.0
-0.0
-0.0
-0.0
-0.0
-0.0
-0.0
-0.0
-0.0
-11.5495514417
-11.2294804583
-10.9128932015
-10.0265007067
-7.19500831387
-7.16687938064
-4.25733758289
-3.33108856818
-3.06845588757
-1.0932540811
-1.04916910406
-1.35400958009
-0.0
-0.0
-0.0
-0.0
-0.0
-0.0
-0.0
-0.0
-0.0
-0.0
-0.0
-0.0
-0.0
-0.0
-0.0
-0.0
-14.0503489244
-14.6166416448
-13.6106507992
-12.8368028284
-12.5061655006
-11.2047200872
-10.6982265422
-7.16965627244
-6.11444219298
-5.17178223462
-1.95146006046
-2.12217226256
-2.81626880544
-0.0
-0.0
-0.0
-0.0
-0.0
-0.0
-0.0
-0.0
-0.0
-0.0
-0.0
-0.0
-0.0
-0.0
-0.0
-0.0
-11.2504979826
-10.7791871975
-9.42499643534
-6.86434219495
-6.12216446629
-6.3085870279
-4.77085616339
-4.61607505279
-4.3628282803
-1.44591854215
-1.76107775888
-1.2198659509
-0.0
-0.0
-0.0
-0.0
-0.0
-0.0
-0.0
-0.0
-0.0
-0.0
-0.0
-0.0
-0.0
-0.0
-0.0
-0.0
-0.0
-9.14359193849
-6.79748919293
-8.03208160439
-6.82207681728
-5.92511797801
-3.32396756222
-2.73305842641
-2.36491585431
-0.975041543403
-1.01818984904
-1.19922079185
-0.0
-0.0
-0.0
-0.0
-0.0
-0.0
-0.0
-0.0
-0.0
-0.0
-0.0
-0.0
-0.0
-0.0
-0.0
-0.0
-10.3288939367
-9.49176306397
-9.18574215164
-8.91490399921
-8.77774305968
-7.82452635395
-4.95137654351
-5.15070712804
-2.05090078191
-2.02276225164
-2.64557195861
-0.0
-0.0
-0.0
-0.0
-0.0
-0.0
-0.0
-0.0
-0.0
-0.0
-0.0
-0.0
-0.0
-0.0
-0.0
-10.1319338218
-9.96661515795
-9.09784283418
-9.1084091786
-7.00501565225
-6.2839418213
-3.31463923636
-3.34982199625
-2.72138842204
-1.83500552424
-0.807162388416
-0.0
-0.0
-0.0
-0.0
-0.0
-0.0
-0.0
-0.0
-0.0
-0.0
-0.0
-0.0
-0.0
-0.0
-0.0
-0.0
-13.0303367989
-13.3152538136
-12.474610423
-11.985708258
-8.68287628894
-9.32655956459
-6.08874131164
-4.81074147439
-4.13539755366
-1.57255344484
-1.64853131541
-2.65122269756
-0.0
-0.0
-0.0
-0.0
-0.0
-0.0
-0.0
-0.0
-0.0
-0.0
-0.0
-0.0
-0.0
-0.0
-0.0
-0.0
-0.0
-0.0
-0.0
-6.92057127029
-6.65324563562
-6.58993394249
-6.12210688404
-4.78199498404
-2.82629995051
-0.606219323844
-0.437368948097
-0.0417559767179
0.00232900032124
-0.910498630367
-0.0
-0.0
-0.0
-0.0
-0.0
-0.0
-0.0
-0.0
-0.0
-0.0
-0.0
-0.0
-0.0
-0.0
-0.0
-0.0
-9.56283067019
-8.9331974656
-8.31764312319
-4.04400306847
-3.30885037534
-2.79881552147
-2.97268479731
-2.18242588288
-1.96436187028
-1.04180921245
-0.806382229526
-0.0
-0.0
-0.0
-0.0
-0.0
-0.0
-0.0
-0.0
-0.0
-0.0
-0.0
-0.0
-0.0
-0.0
-0.0
-12.0355280109
-12.9887447166
-13.2279126269
-12.717877773
-13.7484850341
-13.3404859421
-11.7752562028
-7.34836061393
-7.20062373294
-6.68004172873
-6.33065177878
-0.0
-0.0
-0.0
-0.0
-0.0
-0.0
-0.0
-0.0
-0.0
-0.0
-0.0
-0.0
-0.0
-0.0
-0.0
-0.0
-0.0
-4.42033191831
-4.08969459052
-3.99120013751
-3.36510824181
-3.25958875327
-1.70407086818
-1.76505047983
-0.963083172863
-0.356158067465
-0.627232307159
-0.0
-0.0
-0.0
-0.0
-0.0
-0.0
-0.0
-0.0
-0.0
-0.0
-0.0
-0.0
-0.0
-0.0
-0.0
-0.0
-11.0929064407
-12.1200011839
-11.6345827455
-9.85477272033
-9.66835015873
-8.67995069311
-4.8603847807
-4.6000937786
-4.62823230887
-1.79313484255
-1.42169088763
-0.0
-0.0
-0.0
-0.0
-0.0
-0.0
-0.0
-0.0
-0.0
-0.0
-0.0
-0.0
-0.0
-0.0
-0.0
-0.0
-4.64899106646
-5.12033064268
-4.80728469483
-5.90471616675
-5.41227269282
-2.62799739846
-2.27860744851
-1.69940670525
-0.726657673348
-1.26598846089
-1.52205292523
-0.0
-0.0
-0.0
-0.0
-0.0
-0.0
-0.0
-0.0
-0.0
-0.0
-0.0
-0.0
-0.0
-0.0
-0.0
-0.0
-0.0
-6.65391893093
-5.88361226904
-4.92337052779
-5.54946242348
-6.05598475959
-4.49928643821
-3.99747625024
-3.86851118549
-1.47236327503
-1.77157604501
-2.11862815526
-0.0
-0.0
-0.0
-0.0
-0.0
-0.0
-0.0
-0.0
-0.0
-0.0
-0.0
-0.0
-0.0
-0.0
-0.0
-0.0
-0.0
-0.0
-10.368320092
-10.2874170189
-8.87342708137
-9.10911126504
-7.77602440058
-7.70920018969
-5.04800697269
-4.2460588598
-3.8755554151
-1.26508250003
-1.51927362155
-0.0
-0.0
-0.0
-0.0
-0.0
-0.0
-0.0
-0.0
-0.0
-0.0
-0.0
-0.0
-0.0
-0.0
-0.0
-0.0
-11.2898665556
-10.6919323842
-11.1773220315
-10.1256396639
-8.58151382236
-7.54739404356
-5.54279212512
-4.63529573257
-1.62431133853
-1.67496069303
-1.693717154
-0.0
-0.0
-0.0
-0.0
-0.0
-0.0
-0.0
-0.0
-0.0
-0.0
-0.0
-0.0
-0.0
-0.0
-0.0
-7.67044732978
-7.88499882462
-8.55683982463
-8.01867603752
-7.74783788509
-8.21215242578
-5.24261581203
-4.85334055109
-4.48519797898
-1.66182426047
-1.59616513062
-1.96479139369
-2.10923840833
-0.0
-0.0
-0.0
-0.0
-0.0
-0.0
-0.0
-0.0
-0.0
-0.0
-0.0
-0.0
-0.0
-0.0
-0.0
-0.0
-0.0
-0.0
-0.0
-7.56138653235
-7.16392499367
-6.49913782032
-5.87301713349
-5.72174854065
-5.32779951973
-3.11804161162
-3.1837045803
-2.43801433388
-1.1318448317
-1.46295049519
-1.99290689107
-1.70306851277
-0.0
-0.0
-0.0
-0.0
-0.0
-0.0
-0.0
-0.0
-0.0
-0.0
-0.0
-0.0
-0.0
-0.0
-0.0
-12.5490753825
-12.1516138438
-10.9838456432
-8.47944926932
-8.58499754899
-7.36094269083
-4.69391447163
-4.27417819599
-4.0889168766
-1.63744009345
-1.52488597234
-1.70872692936
-0.0
-0.0
-0.0
-0.0
-0.0
-0.0
-0.0
-0.0
-0.0
-0.0
-0.0
-0.0
-0.0
-0.0
-0.0
-0.0
-14.7404545997
-13.0485726831
-12.9043579169
-11.9617075556
-10.6743410043
-10.5054810315
-10.4456818561
-6.38692883934
-6.64721984144
-5.84291085596
-2.3080891407
-2.23211127014
-2.42908865971
-2.85773866895
-3.11380313329
-0.0
-0.0
-0.0
-0.0
-0.0
-0.0
-0.0
-0.0
-0.0
-0.0
-0.0
-0.0
-0.0
-0.0
-0.0
-0.0
-0.0
-0.0
-10.1642773593
-9.51005653036
-9.05630833408
-8.88747715242
-7.99054710429
-8.38098360744
-5.57559481833
-5.50056513562
-5.17929452186
-1.80908896695
-1.98167451186
-0.0
-0.0
-0.0
-0.0
-0.0
-0.0
-0.0
-0.0
-0.0
-0.0
-0.0
-0.0
-0.0
-0.0
-0.0
-0.0
-11.5606471257
-10.7094373908
-12.4821935894
-12.4188818962
-12.27466713
-12.9675832366
-8.48324934495
-8.18311142003
-7.6953704972
-3.07157614379
-3.1428629797
-3.70940330375
-0.0
-0.0
-0.0
-0.0
-0.0
-0.0
-0.0
-0.0
-0.0
-0.0
-0.0
-0.0
-0.0
-0.0
-0.0
-0.0
-9.65781260544
-9.85831402922
-9.08098233181
-6.22484473238
-6.98110132322
-5.03627938606
-5.13710592053
-4.30465840478
-1.83536183206
-2.42722299454
-2.31091451018
-0.0
-0.0
-0.0
-0.0
-0.0
-0.0
-0.0
-0.0
-0.0
-0.0
-0.0
-0.0
-0.0
-0.0
-0.0
-0.0
-6.28812763438
-6.06300979512
-3.68523680744
-3.84350164468
-3.11891529597
-2.77774041489
-1.25387357784
-1.5680807679
-0.899781076783
-0.409625113808
-0.0
-0.0
-0.0
-0.0
-0.0
-0.0
-0.0
-0.0
-0.0
-0.0
-0.0
-0.0
-0.0
-0.0
-0.0
-0.0
-8.85937701032
-7.88154388912
-7.7619455384
-8.04683376188
-7.43479193724
-7.21321540687
-4.20381267621
-4.80410772015
-4.65637083915
-1.56802660034
-1.93571619201
-1.74342983709
-0.0
-2.15238671396
-2.11862047763
-0.0
-0.0
-0.0
-0.0
-0.0
-0.0
-0.0
-0.0
-0.0
-0.0
-0.0
-0.0
-0.0
-0.0
-0.0
-9.27085982892
-8.91209356789
-8.58496875786
-7.06897184955
-7.31870610428
-6.15093790371
-6.79110866159
-4.89086498948
-4.51567818777
-3.8262650019
-1.29788903205
-1.45171043835
-2.33996667896
-0.0
-0.0
-0.0
-0.0
-0.0
-0.0
-0.0
-0.0
-0.0
-0.0
-0.0
-0.0
-0.0
-0.0
-0.0
-0.0
-0.0
-13.7203561008
-12.6440285266
-9.60149715671
-9.11256620055
-8.22266118794
-7.08302192061
-7.45586704382
-4.65400996655
-3.9317748934
-3.10401073466
-1.08495751808
-1.4207465386
-1.15530000496
-0.0
-0.0
-0.0
-0.0
-0.0
-0.0
-0.0
-0.0
-0.0
-0.0
-0.0
-0.0
-0.0
-0.0
-0.0
-0.0
-0.0
-7.81463330484
-5.55648745901
-6.52375423579
-6.17555431918
-5.23287516674
-3.24002002902
-3.17905961145
-2.5740812105
-0.860801302541
-1.59617280825
-0.0
-0.0
-0.0
-0.0
-0.0
-0.0
-0.0
-0.0
-0.0
-0.0
-0.0
-0.0
-0.0
-0.0
-0.0
-0.0
-0.0
-12.5877994513
-13.245532798
-9.61908853666
-8.28600167219
-8.52871089139
-7.03733039856
-4.18271837555
-4.40548493925
-4.72673635893
-1.76313064711
-1.60930156317
-1.7106079498
-0.0
-0.0
-0.0
-0.0
-0.0
-0.0
-0.0
-0.0
-0.0
-0.0
-0.0
-0.0
-0.0
-0.0
-0.0
-0.0
-7.49107859483
-6.82980393925
-7.11823347162
-6.21424959684
-5.95046527106
-7.41720055729
-6.4358261272
-4.57663860534
-5.01514669722
-2.09141861876
-2.14675900791
-3.05377938712
-0.0
-0.0
-0.0
-0.0
-0.0
-0.0
-0.0
-0.0
-0.0
-0.0
-0.0
-0.0
-0.0
-0.0
-0.0
-0.0
-0.0
-15.6408395833
-13.6886858587
-10.463244445
-10.0306001464
-10.6285343177
-6.06798071
-5.14877592491
-4.54377832987
-1.4986054296
-2.13736926097
-2.18426425222
-0.0
-0.0
-0.0
-0.0
-0.0
-0.0
-0.0
-0.0
-0.0
-0.0
-0.0
-0.0
-0.0
-0.0
-0.0
-12.703827702
-12.8762001925
-12.6968026664
-9.18644423809
-8.75028742176
-7.84630354697
-5.25900756159
-5.16286438413
-5.50757097706
-2.35685747476
-3.25449578467
-0.0
-0.0
-0.0
-0.0
-0.0
-0.0
-0.0
-0.0
-0.0
-0.0
-0.0
-0.0
-0.0
-0.0
-0.0
-0.0
-13.9067786624
-12.9254330235
-12.2747247123
-8.23676884125
-7.45589583494
-3.9411799956
-3.03838615415
-2.9445846552
-1.34010066628
-1.19753467209
-1.56803427798
-2.35780950143
-0.0
-0.0
-0.0
-0.0
-0.0
-0.0
-0.0
-0.0
-0.0
-0.0
-0.0
-0.0
-0.0
-0.0
-0.0
-0.0
-0.0
-11.5571921902
-9.35179169312
-5.16256722922
-4.49075502035
-4.9128329745
-3.33149904355
-2.94692633371
-2.11916217497
-1.67362904756
-0.634741033656
-0.648806459977
-0.0
-0.0
-0.0
-0.0
-0.0
-0.0
-0.0
-0.0
-0.0
-0.0
-0.0
-0.0
-0.0
-0.0
-0.0
-0.0
-0.0
-11.2335511068
-9.82310247821
-9.28142617334
-8.71864597076
-9.19349806474
-9.4713612527
-4.97996393733
-4.42187668882
-1.77344171018
-2.04357160083
-3.00311467735
-0.0
-0.0
-0.0
-0.0
-0.0
-0.0
-0.0
-0.0
-0.0
-0.0
-0.0
-0.0
-0.0
-0.0
-0.0
-0.0
-0.0
-9.49243635928
-7.83222468479
-3.41085734611
-2.58426402663
-2.4435617782
-2.7953030037
-0.871623352421
-0.252556492248
0.289119812621
-0.0161332268112
-0.498250282397
-0.0
-0.0
-0.0
-0.0
-0.0
-0.0
-0.0
-0.0
-0.0
-0.0
-0.0
-0.0
-0.0
-0.0
-0.0
-0.0
-0.0
-0.0
-11.8860816369
-10.2293824802
-9.71586389971
-10.1203504739
-9.29375715443
-7.42601902062
-7.90087111461
-4.88971892951
-4.4770076894
-1.85364451377
-1.87052763194
-2.22414411965
-0.0
-0.0
-0.0
-0.0
-0.0
-0.0
-0.0
-0.0
-0.0
-0.0
-0.0
-0.0
-0.0
-0.0
-0.0
-0.0
-0.0
-10.7851088561
-10.5318620836
-9.51884620256
-9.28670332778
-8.8892417891
-7.71441976187
-8.00636181201
-5.92381951422
-6.06685384411
-6.44672400285
-2.49802069592
-2.72406560954
-2.34231059155
-0.0
-0.0
-0.0
-0.0
-0.0
-0.0
-0.0
-0.0
-0.0
-0.0
-0.0
-0.0
-0.0
-0.0
-0.0
-0.0
-0.0
-8.02737933633
-7.59827634666
-8.52687663692
-7.80229028821
-7.35910843635
-5.14761067085
-5.19217933886
-5.25315895051
3.58484998737
-0.0
-0.0
-0.0
-0.0
-0.0
-0.0
-0.0
-0.0
-0.0
-0.0
-0.0
-0.0
-0.0
-0.0
-0.0
-0.0
-10.3876185263
-8.9489833822
-8.60426719222
-8.27714238219
-7.50332320254
-6.55010649681
-3.45926046607
-2.89178730944
-2.74172794402
-0.910032528744
-0.0
-0.0
-0.0
-0.0
-0.0
-0.0
-0.0
-0.0
-0.0
-0.0
-0.0
-0.0
-0.0
-0.0
-0.0
-6.80692336932
-8.39325700628
-7.94656263666
-7.86214704583
-7.54910109798
-3.46398221126
-2.66201490429
-3.05127097115
-0.968198287373
-1.12108302227
-0.0
-0.0
-0.0
-0.0
-0.0
-0.0
-0.0
-0.0
-0.0
-0.0
-0.0
-0.0
-0.0
-0.0
-0.0
-0.0
-11.7840746662
-11.0911297685
-10.7358760252
-9.45202199167
-8.47067635271
-8.3968271063
-4.97413452034
-4.54735401509
-4.21203333028
-1.65948481604
-2.05061422571
-2.83850842872
-0.0
-0.0
-0.0
-0.0
-0.0
-0.0
-0.0
-0.0
-0.0
-0.0
-0.0
-0.0
-0.0
-0.0
-0.0
-0.0
-0.0
-0.0
-12.2834855934
-9.07563555957
-7.87619711688
-8.08372357619
-8.02395319196
-7.76365259281
-7.30990439654
-7.31692943206
-3.98688669989
-2.90585657458
-2.62915462883
-0.823735917472
-0.988820413518
-1.77484127373
-0.0
-0.0
-0.0
-0.0
-0.0
-0.0
-0.0
-0.0
-0.0
-0.0
-0.0
-0.0
-0.0
-0.0
-0.0
-0.0
-0.0
-0.0
-11.5554443092
-9.49071726932
-9.57162034239
-8.85405902921
-8.13298519826
-5.97681753207
-2.72295612778
-2.91992583971
-3.00668310905
-2.7299811633
-0.954109828148
-1.61725782654
-0.0
-0.0
-0.0
-0.0
-0.0
-0.0
-0.0
-0.0
-0.0
-0.0
-0.0
-0.0
-0.0
-0.0
-0.0
-0.0
-0.0
-0.0
-5.29438139652
-2.52971321458
-3.52513771572
-3.26837842547
-3.27189094323
-3.88393276788
-3.16640024582
-2.15784384374
-1.94444399407
-1.78968207754
-1.85298417362
-0.96443624649
-1.90241284783
-0.0
-0.0
-0.0
-0.0
-0.0
-0.0
-0.0
-0.0
-0.0
-0.0
-0.0
-0.0
-0.0
-0.0
-0.0
-0.0
-0.0
-8.84352147592
-7.26418408336
-2.92723233552
-3.01516044411
-3.20158300571
-3.51108764467
-1.06297792834
0.177730945573
-0.503791989606
-0.407648812146
-0.509167286079
-0.0
0.0
0.0
0.0
-0.0
-0.0
-0.0
-0.0
-0.0
-0.0
-0.0
-0.0
-0.0
-0.0
-0.0
-0.0
-10.8538543309
-9.50668860425
-10.2945866461
-8.89116305297
-10.0026445959
-10.6181989383
-6.48554847791
-7.04365492052
-6.50432029416
-2.62986664794
-2.85591923919
-2.85404589638
-0.0
-0.0
-0.0
-0.0
-0.0
-0.0
-0.0
-0.0
-0.0
-0.0
-0.0
-0.0
-0.0
-0.0
-0.0
-0.0
-0.0
-7.35757476472
-5.72197950569
-5.41949990226
-5.39137096903
-5.88381444295
-6.309433706
-5.34565065585
-3.3386396676
-3.24717984716
-3.02441328345
-1.03623541943
-1.47427517562
-1.41330708041
-0.0
-0.0
-0.0
-0.0
-0.0
-0.0
-0.0
-0.0
-0.0
-0.0
-0.0
-0.0
-0.0
-0.0
-0.0
-0.0
-10.3473607859
-11.4272008779
-9.05645292573
-8.41276965009
-7.54396853519
-6.4219206478
-5.75713347445
-2.8532212292
-2.47569274897
-2.40534642328
-2.57183592643
-0.890851733399
-1.07187499857
-0.660108107496
-0.0
-0.0
-0.0
-0.0
-0.0
-0.0
-0.0
-0.0
-0.0
-0.0
-0.0
-0.0
-0.0
-0.0
-0.0
-0.0
-0.0
-0.0
-0.0
-6.03151293578
-4.90244001286
-4.5682901673
-3.61156094381
-2.29606545929
-3.28446492491
-3.66784760141
-1.88010025614
-1.84727836885
-1.71829411001
-0.549435006831
-0.683563280755
-0.0
-0.0
-0.0
-0.0
-0.0
-0.0
-0.0
-0.0
-0.0
-0.0
-0.0
-0.0
-0.0
-0.0
-0.0
-0.0
-0.0
-0.0
-3.40751821113
-1.88800878506
-2.59851627159
-1.57847535498
-1.1493723653
-2.2608826994
13.1844493163
-0.91398512453
-0.271796389678
-1.09814786368
-0.0
-0.0
-0.0
-0.0
-0.0
-0.0
-0.0
-0.0
-0.0
-0.0
-0.0
-0.0
-0.0
-0.0
-0.0
-0.0
-0.0
-0.0
-11.7719170679
-8.71179431802
-9.27106200283
-7.99426179596
-7.52646352863
-6.39739060572
-7.86415468308
-4.99420637325
-4.41032227297
-4.32356500363
-1.56996921146
-1.55121275049
-1.92639571339
-2.11211001321
-0.0
-0.0
-0.0
-0.0
-0.0
-0.0
-0.0
-0.0
-0.0
-0.0
-0.0
-0.0
-0.0
-0.0
-0.0
-0.0
-0.0
-8.49721403205
-6.65412110484
-6.29535484381
-6.0631831779
-6.35512522804
-5.96820124265
-4.78284166214
-3.28706515815
-3.06193772185
-2.84387370925
-0.986538091609
-1.28950522483
-0.0
-0.0
-0.0
-0.0
-0.0
-0.0
-0.0
-0.0
-0.0
-0.0
-0.0
-0.0
-0.0
-0.0
-0.0
-0.0
-8.10326501113
-7.88165968964
-8.15601035984
-6.48171982316
-6.34807140139
-5.78177868105
-5.54258197961
-6.07723324896
-3.64346094954
-3.24716065307
-2.85790458621
-0.977140667036
-1.48083187544
-1.50803373431
-0.0
-0.0
-0.0
-0.0
-0.0
-0.0
-0.0
-0.0
-0.0
-0.0
-0.0
-0.0
-0.0
-0.0
-0.0
-0.0
-0.0
-0.0
-0.0
-7.39632762463
-5.67982929253
-5.27885523609
-5.4899230043
-4.76533665559
-4.36787511691
-3.31616395816
-1.10865154613
-0.899954247564
-1.3572149616
-0.591661996332
-0.741736717019
-1.32703350204
-0.0
-0.0
-0.0
-0.0
-0.0
-0.0
-0.0
-0.0
-0.0
-0.0
-0.0
-0.0
-0.0
-0.0
-0.0
-0.0
-0.0
-0.0
-15.8204968656
-13.5975049885
-13.5025230533
-13.1155990679
-12.3312135438
-12.0427840114
-10.8468580865
-5.9626247952
-5.66482854879
-5.33419122099
-2.03987882826
-1.85509352221
-2.10740362329
-0.0
-0.0
-0.0
-0.0
-0.0
-0.0
-0.0
-0.0
-0.0
-0.0
-0.0
-0.0
-0.0
-0.0
-0.0
-0.0
-0.0
-0.0
-9.55249529081
-8.47265519884
-7.92743758508
-7.96613286273
-7.83596816759
-7.15710213206
-5.25443979309
-4.47124430236
-4.71980771784
-1.97233867796
-1.95544788216
-2.24246089099
-2.35126064884
-0.0
-0.0
-0.0
-0.0
-0.0
-0.0
-0.0
-0.0
-0.0
-0.0
-0.0
-0.0
-0.0
-0.0
-0.0
-0.0
-0.0
-0.0
-0.0
-12.5492487653
-11.7965334833
-11.1844916587
-11.1739253143
-10.6322490094
-10.6498403893
-11.6839601681
-7.96518219003
-7.97690977666
-7.43523347179
-2.87935905718
-2.9525192359
-3.65318015624
-0.0
-0.0
-0.0
-0.0
-0.0
-0.0
-0.0
-0.0
-0.0
-0.0
-0.0
-0.0
-0.0
-0.0
-0.0
-0.0
-0.0
-0.0
-10.8785283286
-8.59573727619
-7.46666435327
-8.35305684812
-8.15258421546
-7.28378310056
-4.77846484507
-3.81234971346
-3.90849289092
-1.30545167159
-1.61404651086
-0.0
-0.0
-0.0
-0.0
-0.0
-0.0
-0.0
-0.0
-0.0
-0.0
-0.0
-0.0
-0.0
-0.0
-0.0
-0.0
-0.0
-4.61401048048
-5.56371466845
-3.41811334668
-2.61613644267
-2.81312534869
-2.3945599123
-0.423902523197
-0.297279136952
-0.202390574207
-0.0
-0.0
-0.0
-0.0
-0.0
-0.0
-0.0
-0.0
-0.0
-0.0
-0.0
-0.0
-0.0
-0.0
-0.0
-0.0
-0.0
-0.0
-0.0
-0.0
-12.6231268028
-12.0990418779
-11.5292366398
-11.1388289278
-10.6674893515
-10.5091957232
-7.32974277439
-6.28155373045
-6.20182149664
-2.45540776022
-2.8249706947
-2.39818635063
-0.0
-0.0
-0.0
-0.0
-0.0
-0.0
-0.0
-0.0
-0.0
-0.0
-0.0
-0.0
-0.0
-0.0
-0.0
-10.0976553223
-10.0237772848
-9.6263157461
-7.75857761229
-8.54296313636
-8.25102108622
-4.19690322921
-3.76073681584
-4.01866694534
-1.8457114529
-2.42537285424
-0.0
-0.0
-0.0
-0.0
-0.0
-0.0
-0.0
-0.0
-0.0
-0.0
-0.0
-0.0
-0.0
-0.0
-0.0
-0.0
-0.0
-11.7648920323
-10.1398631177
-7.79727288994
-6.64358355155
-6.57675934067
-5.44414510886
-5.21197344295
-3.66079377475
-1.89651119979
-2.52260309549
-2.75005301621
-1.19662888083
-1.1215953593
-1.81662857359
-2.4338105745
-0.0
-0.0
-0.0
-0.0
-0.0
-0.0
-0.0
-0.0
-0.0
-0.0
-0.0
-0.0
-0.0
-0.0
-0.0
-0.0
-9.74237278792
-8.71527804465
-5.61646001715
-4.5999316183
-3.62561101486
-1.81207641487
-1.73704673217
-1.33606307868
-1.01949501602
-0.598211018522
-1.0793914027
-0.0
-0.0
-0.0
-0.0
-0.0
-0.0
-0.0
-0.0
-0.0
-0.0
-0.0
-0.0
-0.0
-0.0
-0.0
-0.0
-0.0
-0.0
-0.0
-6.84402739308
-5.17679068306
-4.54367375183
-3.63971866817
-2.79907527764
-2.75243308289
-3.19562453179
-2.75945811842
-1.09909221272
-1.67031589378
-1.6327952942
-0.0
-0.0
-0.0
-0.0
-0.0
-0.0
-0.0
-0.0
-0.0
-0.0
-0.0
-0.0
-0.0
-0.0
-0.0
-0.0
-0.0
-0.0
-9.11633847448
-8.32492791489
-8.43750123008
-7.19936750973
-6.89334659741
-7.83248444096
-5.60622900381
-5.52181341298
-4.92854340458
-4.675277438
-2.29313327839
-0.0
-0.0
-0.0
-0.0
-0.0
-0.0
-0.0
-0.0
-0.0
-0.0
-0.0
-0.0
-0.0
-0.0
-0.0
-0.0
-0.0
-8.54293434523
-7.94851269166
-5.42304121115
-5.45471145328
-5.50745680198
-4.40300029454
-2.78057161317
-2.64924567582
-3.0478876508
-1.00904891583
-1.38799391961
-0.885247060247
-0.0
-0.0
-0.0
-0.0
-0.0
-0.0
-0.0
-0.0
-0.0
-0.0
-0.0
-0.0
-0.0
-0.0
-0.0
-0.0
-0.0
-11.5890646063
-9.44346328451
-10.1961785665
-9.46805090885
-8.52888427418
-7.84299320312
-6.72448662462
-4.66354985137
-4.71514355491
-3.6786820976
-3.38791088671
-1.03813179514
-1.02593971163
-1.81665160649
-0.0
-0.0
-0.0
-0.0
-0.0
-0.0
-0.0
-0.0
-0.0
-0.0
-0.0
-0.0
-0.0
-0.0
-0.0
-0.0
-12.981921855
-13.1085452412
-13.1929608321
-9.72481019911
-8.8595503931
-8.36008188365
-6.309433706
-4.19690322921
-3.43948539616
-3.22844641909
-1.37016645241
-1.55400740943
-2.23872188301
-0.0
-0.0
-0.0
-0.0
-0.0
-0.0
-0.0
-0.0
-0.0
-0.0
-0.0
-0.0
-0.0
-0.0
-0.0
-0.0
-0.0
-0.0
-0.0
-12.2045901576
-11.2900687295
-10.4001637169
-9.890128863
-9.49617984209
-6.71770094974
-6.593419242
-6.18070800189
-5.34826048613
-2.30907972515
-2.5857816709
-2.23122851178
-0.0
-0.0
-0.0
-0.0
-0.0
-0.0
-0.0
-0.0
-0.0
-0.0
-0.0
-0.0
-0.0
-0.0
-0.0
-0.0
-0.0
-8.39166575238
-6.59078062059
-8.31781650597
-7.9977455226
-7.38924500684
-6.55913916959
-7.13248571659
-4.72214939635
-4.3000714422
-4.227383438
-1.6309219514
-2.04175217107
-1.67876129168
-0.0
-0.0
-0.0
-0.0
-0.0
-0.0
-0.0
-0.0
-0.0
-0.0
-0.0
-0.0
-0.0
-0.0
-0.0
-0.0
-0.0
-6.68225003808
-5.44060379997
-6.13703242431
-5.3597007269
-5.69739188135
-5.13109916101
-4.80751565987
-1.84495588443
-1.90123294498
-1.77929291575
-0.577581214742
-1.146931553
-0.0
-0.0
-0.0
-0.0
-0.0
-0.0
-0.0
-0.0
-0.0
-0.0
-0.0
-0.0
-0.0
-0.0
-0.0
-0.0
-7.16055706756
-6.36914650797
-5.48629532202
-2.00055330913
-0.945329632623
-0.721679575524
-1.37592919559
-1.30089951288
-0.298061577148
-0.461265052753
-0.0
-0.0
-0.0
-0.0
-0.0
-0.0
-0.0
-0.0
-0.0
-0.0
-0.0
-0.0
-0.0
-0.0
-0.0
-0.0
-0.0
-0.0
-5.25778012951
-4.55432646964
-4.20258524414
-4.91309273067
-3.78399101662
-4.54021881633
-5.72911970573
-3.82645736677
-4.26964881567
-3.73733922483
-1.54652171584
-1.70878852004
-2.43477795644
-0.0
-0.0
-0.0
-0.0
-0.0
-0.0
-0.0
-0.0
-0.0
-0.0
-0.0
-0.0
-0.0
-0.0
-0.0
-0.0
-0.0
-0.0
-6.08083214011
-3.01014304584
-2.98201411261
-2.86946958854
-3.20713195186
-2.59511891835
-2.12729185989
-1.77462875282
-1.42287793028
-1.18370042293
-0.685459656466
-0.925577674038
-0.0
-0.0
-0.0
-0.0
-0.0
-0.0
-0.0
-0.0
-0.0
-0.0
-0.0
-0.0
-0.0
-0.0
-0.0
-0.0
-0.0
-0.0
-12.4542956212
-10.4282926501
-6.66468744926
-6.43251578335
-4.72658379567
-4.87431107963
-2.85324042328
-2.57651928345
-2.71487025632
-2.06062063626
-0.767034522548
-1.48270521825
-1.8785333402
-0.0
-0.0
-0.0
-0.0
-0.0
-0.0
-0.0
-0.0
-0.0
-0.0
-0.0
-0.0
-0.0
-0.0
-0.0
-0.0
-0.0
-0.0
-0.0
-12.4190840701
-11.2196456274
-11.1141261389
-9.78455179221
-10.6604067338
-10.1011390489
-10.0378273558
-6.41049960112
-5.59446302901
-5.43970111249
-2.08959151136
-2.27249579697
-2.88874112648
-3.15043329687
-0.0
-0.0
-0.0
-0.0
-0.0
-0.0
-0.0
-0.0
-0.0
-0.0
-0.0
-0.0
-0.0
-0.0
-0.0
-0.0
-0.0
-7.67764574809
-5.7114419524
-4.80748686874
-5.8451191653
-5.65167156817
-5.26828889167
-2.90955587201
-3.39497431041
-2.95882709112
-1.196667269
-1.27358181097
-2.06053934258
-0.0
-0.0
-0.0
-0.0
-0.0
-0.0
-0.0
-0.0
-0.0
-0.0
-0.0
-0.0
-0.0
-0.0
-0.0
-0.0
-0.0
-13.5199992687
-13.1436416277
-9.76696041226
-8.80671867101
-9.77050172116
-9.3273198693
-7.83593937646
-4.96366858221
-5.37637982232
-4.9285050164
-1.97046533516
-2.13648650261
-2.95721027055
-3.23203887349
-0.0
-0.0
-0.0
-0.0
-0.0
-0.0
-0.0
-0.0
-0.0
-0.0
-0.0
-0.0
-0.0
-0.0
-0.0
-0.0
-13.7276121014
-12.8975062641
-10.2278200175
-8.87714177304
-8.88767932633
-7.95556651831
-8.87360046415
-5.52179421889
-5.02466738795
-1.85041016519
-2.46947318654
-2.63173999075
-0.0
-0.0
-0.0
-0.0
-0.0
-0.0
-0.0
-0.0
-0.0
-0.0
-0.0
-0.0
-0.0
-0.0
-0.0
-0.0
-0.0
-0.0
-0.0
-8.86303411973
-8.11734387332
-8.20527198191
-7.81132296099
-6.82292349537
-4.79013484944
-4.88861970541
-4.49702196005
-1.55869076645
-1.61872219025
-2.39348763835
-0.0
-0.0
-0.0
-0.0
-0.0
-0.0
-0.0
-0.0
-0.0
-0.0
-0.0
-0.0
-0.0
-0.0
-0.0
-0.0
-0.0
-0.0
-14.0160704249
-10.8082203911
-10.0519638003
-9.55600780858
-10.7519337335
-10.9524063662
-9.79166320112
-6.79040814803
-6.93344247792
-6.75522538814
-2.66645057612
-3.09979929765
-0.0
-0.0
-0.0
-0.0
-0.0
-0.0
-0.0
-0.0
-0.0
-0.0
-0.0
-0.0
-0.0
-0.0
-0.0
-0.0
-0.0
-0.0
-8.55350068965
-5.91191458506
-5.69736309022
-4.89889870397
-4.85317839079
-4.04066393349
-2.56949424792
-3.33159543799
-2.64218225212
-0.813000520028
-0.872087594792
-0.562556084114
-0.0
-0.0
-0.0
-0.0
-0.0
-0.0
-0.0
-0.0
-0.0
-0.0
-0.0
-0.0
-0.0
-0.0
-0.0
-0.0
-0.0
-6.43602830111
-6.24258070398
-7.02345371029
-5.98936272262
-6.02100417362
-5.56023094182
-2.81809605157
-2.58828525825
-2.87905646914
-1.21915506032
-1.54369634636
-0.0
-0.0
-0.0
-0.0
-0.0
-0.0
-0.0
-0.0
-0.0
-0.0
-0.0
-0.0
-0.0
-0.0
-0.0
-0.0
-0.0
-14.3185212372
-12.637205665
-10.853883122
-10.8257253977
-10.9875315438
-10.3016404727
-9.22180038076
-5.10201955508
-4.61896198927
-4.11949347982
-4.3328741354
-1.61965886165
-1.72845861951
-1.38703421531
-0.0
-0.0
-0.0
-0.0
-0.0
-0.0
-0.0
-0.0
-0.0
-0.0
-0.0
-0.0
-0.0
-0.0
-0.0
-0.0
-0.0
-0.0
-10.6955894937
-11.3709430114
-9.58762046844
-9.84086724093
-9.42581432231
-8.65550766042
-8.25453360398
-4.5603624443
-3.88033516655
-3.27533757152
-1.190072181
-1.14879721818
-1.65060740614
-0.0
-0.0
-0.0
-0.0
-0.0
-0.0
-0.0
-0.0
-0.0
-0.0
-0.0
-0.0
-0.0
-0.0
-0.0
-0.0
-0.0
-0.0
-12.5704102452
-9.66503981488
-8.04352341803
-6.44662343666
-5.31400920485
-4.68791730915
-4.66327210255
-3.25890743379
-2.60231613522
-1.92933308708
-0.609466430633
-0.87303194383
-0.0
-0.0
-0.0
-0.0
-0.0
-0.0
-0.0
-0.0
-0.0
-0.0
-0.0
-0.0
-0.0
-0.0
-0.0
-0.0
-0.0
-0.0
-0.0
-6.9987221303
-6.89671515953
-6.39373413231
-7.42434139334
-7.14296568762
-8.3001963349
-10.0237197025
-6.84192507522
-6.66370798544
-6.60977260339
-2.35876937534
-2.46570346803
-3.16730873741
-0.0
-0.0
-0.0
-0.0
-0.0
-0.0
-0.0
-0.0
-0.0
-0.0
-0.0
-0.0
-0.0
-0.0
-0.0
-0.0
-0.0
-0.0
-10.7765213578
-8.2650999484
-8.01536569367
-7.09379043894
-5.52150687303
-4.61401048048
-3.35477286243
-2.72425616444
-3.67630203092
-3.95536484926
-1.40674270295
-1.52398785871
-2.36534910807
-0.0
-0.0
-0.0
-0.0
-0.0
-0.0
-0.0
-0.0
-0.0
-0.0
-0.0
-0.0
-0.0
-0.0
-0.0
-0.0
-13.9070672097
-13.411111218
-12.102640769
-8.60633241174
-8.21940842635
-6.94963325501
-6.02103296475
-3.22612393466
-3.69277055682
-4.2016249744
-3.66697370506
-1.41988681314
-2.16557705956
-0.0
-0.0
-0.0
-0.0
-0.0
-0.0
-0.0
-0.0
-0.0
-0.0
-0.0
-0.0
-0.0
-0.0
-0.0
-0.0
-0.0
-0.0
-0.0
-7.70931599022
-7.76911516558
-7.22392634294
-7.65657064151
-6.33402133034
-6.01040903807
-3.75577571
-2.70316186378
-2.98924971765
-2.74302798069
-2.84855706627
-0.937762079918
-1.42550684156
-0.0
-0.0
-0.0
-0.0
-0.0
-0.0
-0.0
-0.0
-0.0
-0.0
-0.0
-0.0
-0.0
-0.0
-0.0
-0.0
-0.0
-12.9010187819
-12.7779079134
-9.8690249653
-9.77758433894
-9.62280322833
-8.1560679421
-5.17708762596
-5.46081460724
-5.08328612701
-1.852283508
-2.00423157149
-2.70771018368
-0.0
-0.0
-0.0
-0.0
-0.0
-0.0
-0.0
-0.0
-0.0
-0.0
-0.0
-0.0
-0.0
-0.0
-0.0
-0.0
-0.0
-0.0
-9.80919699881
-5.75364974782
-4.95872667046
-4.83912831974
-3.01711049911
-1.4509588783
-1.22585063608
-0.925693517073
-0.0909043228078
0.0321074149444
-0.260045578702
-0.0
-0.0
-0.0
-0.0
-0.0
-0.0
-0.0
-0.0
-0.0
-0.0
-0.0
-0.0
-0.0
-0.0
-0.0
-0.0
-0.0
-0.0
-7.19045593733
-4.95341398921
-4.1408995319
-3.28614848806
-2.40678102874
-2.18166318948
-1.55557129378
0.15183416613
0.291976062975
-0.00124772279846
-0.0228218756163
-0.746001297813
-0.0
-0.0
-0.0
-0.0
-0.0
-0.0
-0.0
-0.0
-0.0
-0.0
-0.0
-0.0
-0.0
-0.0
-0.0
-0.0
-11.0352515462
-9.97651535189
-9.18861731005
-6.0053549006
-6.51184844558
-5.85060258112
-5.16471151006
-5.73451674816
-4.28729691501
-4.07859961644
-3.69404610069
-1.47386407703
-1.58548152673
-2.41089632933
-0.0
-0.0
-0.0
-0.0
-0.0
-0.0
-0.0
-0.0
-0.0
-0.0
-0.0
-0.0
-0.0
-0.0
-0.0
-0.0
-0.0
-0.0
-6.14263100465
-3.05435053044
-2.86438665994
-2.98044370177
-2.70255172268
-2.22418711093
-1.32332693966
-0.490879423907
-0.425216455232
-0.447725199246
-1.37631973128
-0.0
-0.0
-0.0
-0.0
-0.0
-0.0
-0.0
-0.0
-0.0
-0.0
-0.0
-0.0
-0.0
-0.0
-0.0
-0.0
-0.0
-0.0
-0.0
-6.8706147066
-7.29272145188
-7.05352475045
-5.67117626391
-4.76019614473
-3.43767562468
-4.09540897137
-2.76545540747
-2.37854101912
-2.42309049305
-1.10055445693
-1.35755559267
-0.95422642186
-0.0
-0.0
-0.0
-0.0
-0.0
-0.0
-0.0
-0.0
-0.0
-0.0
-0.0
-0.0
-0.0
-0.0
-0.0
-0.0
-0.0
-0.0
-10.1734754668
-11.3694013917
-9.56497495103
-7.88365937882
-6.55408503212
-7.03596216163
-3.91212930738
-3.68231851406
-2.97649438455
-1.37631205364
-1.51887804784
-1.83591060738
-1.73554856978
-0.0
-0.0
-0.0
-0.0
-0.0
-0.0
-0.0
-0.0
-0.0
-0.0
-0.0
-0.0
-0.0
-0.0
-0.0
-0.0
-0.0
-0.0
-5.20337799658
-6.41335399257
-6.61385541635
-6.58923900088
-5.97368465847
-5.7380004748
-5.10839606133
-2.71618418836
-2.02913187509
-1.57891539066
-1.06771929458
-0.44209749319
-1.09305340807
-0.0
-0.0
-0.0
-0.0
-0.0
-0.0
-0.0
-0.0
-0.0
-0.0
-0.0
-0.0
-0.0
-0.0
-0.0
-0.0
-4.74263355591
-3.89844885648
-3.33918117167
-1.73876867253
-1.44682662239
-1.48200938228
-1.92873254303
-1.42183098972
-1.41712843861
-1.44058361187
-0.533085139114
-1.05553280849
-0.931715597639
-0.0
-0.0
-0.0
-0.0
-0.0
-0.0
-0.0
-0.0
-0.0
-0.0
-0.0
-0.0
-0.0
-0.0
-0.0
-0.0
-0.0
-10.7925711181
-8.7911845625
-7.73244836824
-6.57873023872
-6.11795700692
-5.38985814045
-4.0364302092
-3.54634760786
-3.03046815476
-0.903592422631
-1.13902708319
-1.41384800849
-0.0
-0.0
-0.0
-0.0
-0.0
-0.0
-0.0
-0.0
-0.0
-0.0
-0.0
-0.0
-0.0
-0.0
-0.0
-0.0
-0.0
-0.0
-7.50727294672
-7.14850668569
-5.71341285046
-4.50694937224
-3.39546782926
-3.62055687739
-1.87905331558
-1.37724312762
-1.90485016735
-0.881066243141
-1.11461988325
-1.04239637594
-0.0
-0.0
-0.0
-0.0
-0.0
-0.0
-0.0
-0.0
-0.0
-0.0
-0.0
-0.0
-0.0
-0.0
-0.0
-0.0
-0.0
-0.0
-0.0
-13.5783144066
-12.7833913292
-12.9979428241
-12.0799088782
-11.8477660035
-11.9884682519
-7.84459448101
-7.92666839333
-7.59134770852
-7.4694076793
-2.92115959282
-3.47269014152
-3.51489409811
-0.0
-0.0
-0.0
-0.0
-0.0
-0.0
-0.0
-0.0
-0.0
-0.0
-0.0
-0.0
-0.0
-0.0
-0.0
-0.0
-0.0
-0.0
-0.0
-10.9648860264
-10.0081568029
-9.83932562122
-8.85443867337
-8.09821087366
-7.51783929114
-7.28218389859
-5.25577291922
-4.66954714042
-4.71175493584
-1.80591408956
-2.01508356265
-2.00008146492
-0.0
-0.0
-0.0
-0.0
-0.0
-0.0
-0.0
-0.0
-0.0
-0.0
-0.0
-0.0
-0.0
-0.0
-0.0
-0.0
-0.0
-0.0
-7.75006853931
-7.71137326166
-7.85912933674
-7.19785468115
-5.86825154332
-5.20346436997
-5.10496991696
-3.46661537405
-3.72220382505
-3.14300308178
-1.14464711161
-1.26001892456
-2.07324164364
-0.0
-0.0
-0.0
-0.0
-0.0
-0.0
-0.0
-0.0
-0.0
-0.0
-0.0
-0.0
-0.0
-0.0
-0.0
-0.0
-0.0
-0.0
-14.2677467866
-10.0855473582
-9.6669819218
-8.47456851463
-7.42991118255
-5.88926906764
-4.45378641816
-4.96732419275
-4.68123633888
-4.82192899026
-1.55358095557
-1.88936997608
-2.26455293898
-0.0
-0.0
-0.0
-0.0
-0.0
-0.0
-0.0
-0.0
-0.0
-0.0
-0.0
-0.0
-0.0
-0.0
-0.0
-0.0
-0.0
-0.0
-10.7010441183
-9.42073139371
-9.24838769428
-8.9388542642
-7.45101508025
-6.8952599132
-6.90228494873
-3.15939483135
-2.43245720708
-2.39024941167
-0.918579165087
-1.16338821731
-0.0
-0.0
-0.0
-0.0
-0.0
-0.0
-0.0
-0.0
-0.0
-0.0
-0.0
-0.0
-0.0
-0.0
-0.0
-0.0
-0.0
-8.2107266066
-8.10871963582
-6.19174867107
-5.99830107394
-6.39930392151
-5.94204320747
-6.49779837452
-5.01347170834
-3.21333021339
-3.475962894
-3.87226319047
-1.47105406282
-1.70554437433
-2.31053429173
-0.0
-0.0
-0.0
-0.0
-0.0
-0.0
-0.0
-0.0
-0.0
-0.0
-0.0
-0.0
-0.0
-0.0
-0.0
-0.0
-0.0
-0.0
0.0
0.0
0.0
0.0
0.0
0.0
0.0
0.0
0.0
0.0
0.0
0.0
0.0
0.0
0.0
0.0
0.0
0.0
0.0
0.0
0.0
0.0
0.0
0.0
0.0
0.0
0.0
0.0
0.0
0.0
0.0
0.0
0.0
0.0
0.0
0.0
0.0
0.0
0.0
0.0
0.0
0.0
0.0
0.0
0.0
0.0
0.0
0.0
0.0
0.0
0.0
0.0
0.0
0.0
0.0
0.0
0.0
0.0
0.0
0.0
0.0
0.0
0.0
0.0
0.0
0.0
0.0
0.0
0.0
0.0
0.0
0.0
0.0
0.0
0.0
0.0
0.0
0.0
0.0
0.0
0.0
0.0
0.0
0.0
0.0
0.0
0.0
0.0
0.0
0.0
0.0
0.0
0.0
0.0
0.0
0.0
0.0
0.0
0.0
0.0
0.0
0.0
0.0
0.0
0.0
0.0
0.0
0.0
0.0
0.0
0.0
0.0
0.0
0.0
0.0
0.0
0.0
0.0
0.0
0.0
0.0
0.0
0.0
0.0
0.0
0.0
0.0
0.0
0.0
0.0
0.0
0.0
0.0
0.0
0.0
0.0
0.0
0.0
0.0
0.0
0.0
0.0
0.0
0.0
0.0
0.0
0.0
0.0
0.0
0.0
0.0
0.0
0.0
0.0
0.0
0.0
0.0
0.0
0.0
0.0
0.0
0.0
0.0
0.0
0.0
0.0
0.0
0.0
0.0
0.0
0.0
0.0
0.0
0.0
0.0
0.0
0.0
0.0
0.0
0.0
